=============================================
2 0 4 0 3 3 2 5 4 0 0 0 4 3 3 5 3 3 2 0 5 5 3 4 0 3 5 0 2 3 0 1 1 2 3 4 3 4 3 2 3 1 3 1 3 4 5 2 3 1 
2 1 4 0 3 0 0 4 2 0 1 4 0 2 1 4 3 5 1 0 3 4 4 0 5 4 3 3 0 0 4 3 2 3 2 2 0 1 2 0 3 0 0 1 5 0 0 2 5 0 
2 4 0 0 2 1 2 1 3 1 3 1 0 3 1 0 2 0 3 0 3 0 4 2 0 4 0 3 5 3 3 0 2 0 3 0 3 0 1 2 5 1 4 1 3 4 0 3 4 1 
3 5 4 0 1 0 2 1 1 3 3 4 0 0 1 1 0 3 1 0 4 0 4 0 0 5 0 4 3 0 5 0 1 2 2 0 5 3 0 0 2 0 0 4 2 1 5 0 2 5 
0 0 0 5 5 0 1 0 4 0 5 1 0 2 4 0 3 4 3 5 0 2 1 3 3 0 3 3 0 3 4 2 0 2 3 0 5 2 2 3 0 5 2 5 2 1 3 2 1 5 
5 3 0 2 2 4 0 1 0 5 3 0 3 2 1 4 4 2 4 0 2 0 0 0 4 1 5 1 0 0 0 2 3 3 2 3 1 1 0 0 0 3 2 3 2 4 0 0 4 0 
0 5 4 4 0 0 1 4 0 3 0 5 1 5 3 3 4 2 4 1 0 0 0 5 3 1 1 5 5 0 0 2 2 5 2 2 1 0 5 1 0 0 1 0 0 0 0 2 0 0 
2 5 0 1 0 0 2 0 4 4 1 0 0 2 0 5 1 0 0 4 3 5 0 2 1 5 0 5 0 3 1 0 3 1 1 0 0 3 0 5 1 4 0 1 0 3 0 0 1 3 
0 1 0 2 0 2 0 0 0 0 3 5 2 0 0 0 0 2 0 2 3 0 2 0 3 1 0 2 1 3 0 4 3 0 2 0 3 1 0 5 2 0 3 3 5 0 1 0 3 1 
5 4 1 5 0 2 4 4 5 0 4 4 1 1 0 5 2 4 1 0 0 2 0 5 2 1 3 0 2 5 2 1 4 0 0 5 5 2 2 0 0 2 1 5 3 5 5 0 0 3 
4 0 1 5 0 1 3 0 3 0 5 2 1 4 5 2 5 0 5 2 3 2 0 0 1 0 3 0 0 2 2 4 3 0 0 5 4 0 2 0 2 0 2 4 4 1 2 4 1 5 
4 4 0 5 0 3 3 4 1 0 2 5 1 5 5 2 1 1 0 1 0 5 3 5 0 1 1 5 0 3 5 0 0 1 0 2 3 3 4 2 2 4 1 0 0 3 4 0 4 3 
4 2 1 3 4 1 4 5 2 0 3 0 5 0 0 5 0 0 0 0 1 5 4 1 3 0 0 1 3 5 2 0 1 2 2 0 5 4 1 5 3 0 3 4 5 2 5 0 5 5 
3 3 3 0 3 2 5 2 2 3 0 5 2 4 3 1 1 2 3 1 3 1 4 1 0 0 1 0 5 1 1 5 3 0 1 0 0 3 0 0 2 1 5 0 0 5 5 1 3 4 
1 5 3 0 0 4 2 4 0 5 5 5 0 5 0 2 0 1 0 0 0 4 0 5 3 0 1 2 5 2 2 0 3 2 4 2 0 1 5 1 0 2 0 5 3 0 2 0 3 0 
4 0 3 4 0 5 3 4 4 3 3 4 0 0 4 5 4 0 2 0 0 0 0 3 0 0 2 1 3 5 4 0 0 2 0 0 5 0 2 2 4 3 4 2 3 0 5 2 0 0 
3 1 0 0 0 0 0 5 3 0 1 0 0 3 0 3 0 5 1 2 4 0 2 0 0 1 3 2 5 2 0 0 0 0 3 5 5 4 5 0 0 4 4 1 5 0 0 1 0 3 
4 5 0 4 0 5 0 2 5 0 1 5 0 1 1 3 3 5 2 2 2 5 4 0 5 2 5 3 0 0 1 5 0 3 4 0 2 5 0 4 4 3 3 3 0 1 2 0 3 2 
5 1 0 4 3 1 0 0 0 1 0 5 5 1 0 5 4 0 0 0 4 2 5 0 0 1 3 4 0 5 0 4 0 0 0 1 1 1 2 0 5 5 0 0 0 0 2 1 4 3 
0 4 1 5 0 0 0 2 4 5 2 0 5 1 0 5 5 1 3 5 5 5 4 5 3 0 2 5 0 4 5 2 0 0 5 2 3 0 4 5 2 3 4 4 4 4 4 3 3 4 
0 1 4 4 4 4 1 3 1 0 2 4 1 1 0 1 0 0 0 4 5 4 0 5 4 5 0 5 5 4 0 0 5 1 0 1 0 5 2 3 5 1 0 0 2 3 0 5 0 2 
3 2 4 0 0 2 0 5 0 0 1 2 0 1 0 5 3 3 2 5 2 0 4 2 4 2 5 3 5 4 5 1 2 0 5 0 4 1 0 4 0 0 2 0 4 5 0 0 0 3 
0 3 4 0 5 0 4 0 0 3 2 0 5 0 2 1 1 4 5 1 1 4 1 1 0 1 0 2 1 4 0 2 3 3 5 0 1 0 4 2 0 2 0 0 0 3 5 0 0 5 
5 0 0 1 1 0 0 0 4 2 0 3 3 5 0 5 0 4 0 3 0 1 2 0 4 4 1 3 4 0 2 3 0 5 0 1 0 2 0 0 0 1 0 1 1 4 5 0 3 2 
0 0 5 1 0 3 2 3 4 5 4 4 0 2 3 0 1 0 1 0 5 0 0 0 0 0 0 1 2 0 0 2 5 3 3 1 0 3 4 2 3 0 5 5 3 1 4 0 0 1 
0 0 2 4 2 4 0 0 2 1 0 2 2 5 2 0 4 0 5 4 3 0 1 2 0 3 4 0 0 4 1 2 0 3 0 0 2 4 4 2 0 2 0 3 5 0 2 1 2 4 
0 4 2 0 5 5 5 0 0 0 0 3 3 1 2 1 4 3 2 5 4 4 0 0 0 4 4 0 4 0 0 2 4 4 0 2 3 2 5 0 2 2 4 0 1 2 4 5 2 0 
3 5 1 5 1 1 0 4 0 5 5 5 3 0 0 5 0 4 4 1 3 4 0 0 1 4 1 0 1 0 2 5 1 2 5 3 4 3 3 2 1 4 2 0 5 0 4 1 5 5 
0 4 3 3 3 5 4 5 2 1 0 2 0 0 2 3 2 3 0 2 0 5 4 5 3 0 1 2 1 3 0 5 2 0 4 2 0 4 0 5 0 0 2 0 5 3 1 5 4 0 
0 1 0 0 0 0 2 0 2 1 0 3 3 2 5 0 5 0 5 0 4 0 0 3 0 0 1 0 4 5 0 3 5 1 1 0 2 5 0 0 0 0 3 1 0 1 5 1 5 2 
1 3 3 3 1 4 5 2 3 2 0 2 0 2 2 4 2 5 1 0 0 5 3 0 0 3 3 1 3 1 0 4 5 0 4 2 5 1 1 0 0 5 0 0 2 1 2 0 4 3 
0 0 1 0 1 0 5 1 0 3 5 5 0 3 2 2 1 4 1 0 4 3 1 4 2 1 1 0 0 3 4 5 4 0 2 0 0 1 0 3 1 3 2 2 2 0 3 4 5 0 
1 3 3 4 5 0 0 4 2 2 3 3 0 4 5 0 1 3 1 1 1 1 3 4 0 5 0 0 5 4 5 0 1 0 0 0 4 0 1 5 0 0 0 3 0 1 0 5 1 1 
1 2 3 1 0 5 4 3 4 5 5 1 0 0 2 5 0 4 4 4 1 2 5 0 0 3 0 0 2 5 3 3 2 1 4 5 3 0 4 0 4 4 3 0 4 3 2 1 3 4 
3 0 4 5 0 5 3 1 4 0 5 1 0 0 3 5 1 1 0 0 3 0 0 4 0 2 4 3 3 2 3 2 0 5 4 5 1 5 1 4 0 4 1 0 1 1 3 5 0 4 
3 0 4 3 3 0 3 1 1 5 0 0 0 0 0 5 0 0 0 1 3 1 3 4 3 0 2 3 0 0 5 2 0 1 2 4 5 0 4 4 0 0 0 3 0 0 1 4 1 0 
3 1 0 1 4 0 0 2 0 1 5 0 0 2 0 1 2 3 4 3 5 4 1 0 0 0 4 3 3 1 0 0 2 0 4 4 5 5 4 4 1 2 5 3 0 3 5 1 2 1 
3 0 0 0 0 0 4 0 2 4 4 2 5 0 3 1 5 5 0 0 0 3 2 0 2 3 0 3 0 4 5 0 0 1 0 4 1 2 0 3 2 4 5 1 2 0 4 2 0 0 
5 1 0 0 0 1 0 0 0 0 1 0 2 3 1 1 0 4 5 0 3 3 2 3 1 0 0 4 4 4 4 3 1 3 0 4 3 5 0 1 4 1 0 0 2 2 5 0 3 2 
0 4 5 3 0 0 2 0 3 0 2 3 2 0 5 1 3 0 1 0 1 0 3 5 4 0 5 0 5 2 4 5 0 3 3 5 0 0 0 0 2 1 1 0 4 2 0 3 0 0 
4 5 3 0 2 0 0 3 2 0 0 4 0 4 0 4 3 0 5 5 0 1 1 3 3 2 5 0 1 2 1 3 1 5 0 2 0 2 3 4 0 3 5 0 0 2 0 0 2 0 
0 1 4 2 1 0 2 0 1 0 4 0 2 0 4 0 4 1 3 0 0 1 5 3 4 5 0 1 5 0 0 5 0 1 2 3 2 5 2 3 0 2 5 3 1 1 4 1 2 2 
0 4 0 5 2 5 0 0 2 2 0 0 3 0 3 0 0 0 1 0 4 2 5 2 3 0 0 0 4 1 1 0 4 1 3 0 0 0 3 2 0 0 0 0 4 3 3 3 5 0 
3 0 3 2 0 4 3 4 0 0 2 4 0 3 4 0 3 4 1 5 0 0 5 1 1 0 0 5 3 3 0 0 0 0 5 1 0 4 2 0 0 1 0 5 1 5 0 5 3 4 
5 0 0 4 0 0 1 0 0 2 4 2 4 0 1 4 4 5 0 1 0 0 1 0 0 0 0 5 1 4 1 5 5 1 0 3 2 0 0 4 0 4 4 0 1 0 0 3 0 0 
3 3 0 2 0 2 1 0 4 5 0 0 1 5 0 0 3 0 4 2 1 1 3 3 4 1 0 0 1 4 4 4 5 2 0 0 4 0 0 3 0 0 0 5 4 2 0 1 0 0 
2 0 3 4 3 4 1 2 0 0 3 3 5 4 0 2 0 1 5 1 2 0 1 0 0 3 2 4 3 5 2 5 0 0 0 2 4 0 0 0 5 4 2 5 1 1 1 2 2 1 
4 0 1 3 2 4 0 2 2 3 0 5 1 4 4 5 0 1 0 0 4 4 0 2 5 1 5 0 0 0 3 0 5 2 1 3 1 5 0 0 0 5 1 3 5 0 5 0 3 2 
4 2 3 5 4 2 0 3 3 0 2 0 3 1 4 0 3 3 2 0 0 5 0 1 3 0 2 3 0 1 4 0 4 5 5 4 4 0 3 2 1 0 4 5 0 4 0 1 2 4 
4 1 3 0 0 3 1 1 0 1 5 4 1 2 3 1 5 3 3 2 0 5 0 0 2 3 3 1 5 1 5 0 4 1 3 5 4 5 2 3 1 3 3 0 3 3 2 0 4 3 

=============================================
2 0 4 0 3 3 2 5 4 0 0 0 4 3 3 5 3 3 2 0 5 5 3 4 0 3 5 0 2 3 0 1 1 2 3 4 3 4 3 2 3 1 3 1 3 4 5 2 3 1 
2 1 4 0 3 0 0 4 2 0 1 4 0 2 1 4 3 5 1 0 3 4 4 0 5 4 3 3 0 0 4 3 2 3 2 2 0 1 2 0 3 0 0 1 5 0 0 2 5 0 
2 4 0 0 2 1 2 1 3 1 3 1 0 3 1 0 2 0 3 0 3 0 4 2 0 4 0 3 5 3 3 0 2 0 3 0 3 0 1 2 5 1 4 1 3 4 0 3 4 1 
3 5 4 0 1 0 2 1 1 3 3 4 0 0 1 1 0 3 1 0 4 0 4 0 0 5 0 4 3 0 5 0 1 2 2 0 5 3 0 0 2 0 0 4 2 1 5 0 2 5 
0 0 0 5 5 0 1 0 4 0 5 1 0 2 4 0 3 4 3 5 0 2 1 3 3 0 3 3 0 3 4 2 0 2 3 0 5 2 2 3 0 5 2 5 2 1 3 2 1 5 
5 3 0 2 2 4 0 1 0 5 3 0 3 2 1 4 4 2 4 0 2 0 0 0 4 1 5 1 0 0 0 2 3 3 2 3 1 1 0 0 0 3 2 3 2 4 0 0 4 0 
0 5 4 4 0 0 1 4 0 3 0 5 1 5 3 3 4 2 4 1 0 0 0 5 3 1 1 5 5 0 0 2 2 5 2 2 1 0 5 1 0 0 1 0 0 0 0 2 0 0 
2 5 0 1 0 0 2 0 4 4 1 0 0 2 0 5 1 0 0 4 3 5 0 2 1 5 0 5 0 3 1 0 3 1 1 0 0 3 0 5 1 4 0 1 0 3 0 0 1 3 
0 1 0 2 0 2 0 0 0 0 3 5 2 0 0 0 0 2 0 2 3 0 2 0 3 1 0 2 1 3 0 4 3 0 2 0 3 1 0 5 2 0 3 3 5 0 1 0 3 1 
5 4 1 5 0 2 4 4 5 0 4 4 1 1 0 5 2 4 1 0 0 2 0 5 2 1 3 0 2 5 2 1 4 0 0 5 5 2 2 0 0 2 1 5 3 5 5 0 0 3 
4 0 1 5 0 1 3 0 3 0 5 2 1 4 5 2 5 0 5 2 3 2 0 0 1 0 3 0 0 2 2 4 3 0 0 5 4 0 2 0 2 0 2 4 4 1 2 4 1 5 
4 4 0 5 0 3 3 4 1 0 2 5 1 5 5 2 1 1 0 1 0 5 3 5 0 1 1 5 0 3 5 0 0 1 0 2 3 3 4 2 2 4 1 0 0 3 4 0 4 3 
4 2 1 3 4 1 4 5 2 0 3 0 5 0 0 5 0 0 0 0 1 5 4 1 3 0 0 1 3 5 2 0 1 2 2 0 5 4 1 5 3 0 3 4 5 2 5 0 5 5 
3 3 3 0 3 2 5 2 2 3 0 5 2 4 3 1 1 2 3 1 3 1 4 1 0 0 1 0 5 1 1 5 3 0 1 0 0 3 0 0 2 1 5 0 0 5 5 1 3 4 
1 5 3 0 0 4 2 4 0 5 5 5 0 5 0 2 0 1 0 0 0 4 0 5 3 0 1 2 5 2 2 0 3 2 4 2 0 1 5 1 0 2 0 5 3 0 2 0 3 0 
4 0 3 4 0 5 3 4 4 3 3 4 0 0 4 5 4 0 2 0 0 0 0 3 0 0 2 1 3 5 4 0 0 2 0 0 5 0 2 2 4 3 4 2 3 0 5 2 0 0 
3 1 0 0 0 0 0 5 3 0 1 0 0 3 0 3 0 5 1 2 4 0 2 0 0 1 3 2 5 2 0 0 0 0 3 5 5 4 5 0 0 4 4 1 5 0 0 1 0 3 
4 5 0 4 0 5 0 2 5 0 1 5 0 1 1 3 3 5 2 2 2 5 4 0 5 2 5 3 0 0 1 5 0 3 4 0 2 5 0 4 4 3 3 3 0 1 2 0 3 2 
5 1 0 4 3 1 0 0 0 1 0 5 5 1 0 5 4 0 0 0 4 2 5 0 0 1 3 4 0 5 0 4 0 0 0 1 1 1 2 0 5 5 0 0 0 0 2 1 4 3 
0 4 1 5 0 0 0 2 4 5 2 0 5 1 0 5 5 1 3 5 5 5 4 5 3 0 2 5 0 4 5 2 0 0 5 2 3 0 4 5 2 3 4 4 4 4 4 3 3 4 
0 1 4 4 4 4 1 3 1 0 2 4 1 1 0 1 0 0 0 4 5 4 0 5 4 5 0 5 5 4 0 0 5 1 0 1 0 5 2 3 5 1 0 0 2 3 0 5 0 2 
3 2 4 0 0 2 0 5 0 0 1 2 0 1 0 5 3 3 2 5 2 0 4 2 4 2 5 3 5 4 5 1 2 0 5 0 4 1 0 4 0 0 2 0 4 5 0 0 0 3 
0 3 4 0 5 0 4 0 0 3 2 0 5 0 2 1 1 4 5 1 1 4 1 1 0 1 0 2 1 4 0 2 3 3 5 0 1 0 4 2 0 2 0 0 0 3 5 0 0 5 
5 0 0 1 1 0 0 0 4 2 0 3 3 5 0 5 0 4 0 3 0 1 2 0 4 4 1 3 4 0 2 3 0 5 0 1 0 2 0 0 0 1 0 1 1 4 5 0 3 2 
0 0 5 1 0 3 2 3 4 5 4 4 0 2 3 0 1 0 1 0 5 0 0 0 0 0 0 1 2 0 0 2 5 3 3 1 0 3 4 2 3 0 5 5 3 1 4 0 0 1 
0 0 2 4 2 4 0 0 2 1 0 2 2 5 2 0 4 0 5 4 3 0 1 2 0 3 4 0 0 4 1 2 0 3 0 0 2 4 4 2 0 2 0 3 5 0 2 1 2 4 
0 4 2 0 5 5 5 0 0 0 0 3 3 1 2 1 4 3 2 5 4 4 0 0 0 4 4 0 4 0 0 2 4 4 0 2 3 2 5 0 2 2 4 0 1 2 4 5 2 0 
3 5 1 5 1 1 0 4 0 5 5 5 3 0 0 5 0 4 4 1 3 4 0 0 1 4 1 0 1 0 2 5 1 2 5 3 4 3 3 2 1 4 2 0 5 0 4 1 5 5 
0 4 3 3 3 5 4 5 2 1 0 2 0 0 2 3 2 3 0 2 0 5 4 5 3 0 1 2 1 3 0 5 2 0 4 2 0 4 0 5 0 0 2 0 5 3 1 5 4 0 
0 1 0 0 0 0 2 0 2 1 0 3 3 2 5 0 5 0 5 0 4 0 0 3 0 0 1 0 4 5 0 3 5 1 1 0 2 5 0 0 0 0 3 1 0 1 5 1 5 2 
1 3 3 3 1 4 5 2 3 2 0 2 0 2 2 4 2 5 1 0 0 5 3 0 0 3 3 1 3 1 0 4 5 0 4 2 5 1 1 0 0 5 0 0 2 1 2 0 4 3 
0 0 1 0 1 0 5 1 0 3 5 5 0 3 2 2 1 4 1 0 4 3 1 4 2 1 1 0 0 3 4 5 4 0 2 0 0 1 0 3 1 3 2 2 2 0 3 4 5 0 
1 3 3 4 5 0 0 4 2 2 3 3 0 4 5 0 1 3 1 1 1 1 3 4 0 5 0 0 5 4 5 0 1 0 0 0 4 0 1 5 0 0 0 3 0 1 0 5 1 1 
1 2 3 1 0 5 4 3 4 5 5 1 0 0 2 5 0 4 4 4 1 2 5 0 0 3 0 0 2 5 3 3 2 1 4 5 3 0 4 0 4 4 3 0 4 3 2 1 3 4 
3 0 4 5 0 5 3 1 4 0 5 1 0 0 3 5 1 1 0 0 3 0 0 4 0 2 4 3 3 2 3 2 0 5 4 5 1 5 1 4 0 4 1 0 1 1 3 5 0 4 
3 0 4 3 3 0 3 1 1 5 0 0 0 0 0 5 0 0 0 1 3 1 3 4 3 0 2 3 0 0 5 2 0 1 2 4 5 0 4 4 0 0 0 3 0 0 1 4 1 0 
3 1 0 1 4 0 0 2 0 1 5 0 0 2 0 1 2 3 4 3 5 4 1 0 0 0 4 3 3 1 0 0 2 0 4 4 5 5 4 4 1 2 5 3 0 3 5 1 2 1 
3 0 0 0 0 0 4 0 2 4 4 2 5 0 3 1 5 5 0 0 0 3 2 0 2 3 0 3 0 4 5 0 0 1 0 4 1 2 0 3 2 4 5 1 2 0 4 2 0 0 
5 1 0 0 0 1 0 0 0 0 1 0 2 3 1 1 0 4 5 0 3 3 2 3 1 0 0 4 4 4 4 3 1 3 0 4 3 5 0 1 4 1 0 0 2 2 5 0 3 2 
0 4 5 3 0 0 2 0 3 0 2 3 2 0 5 1 3 0 1 0 1 0 3 5 4 0 5 0 5 2 4 5 0 3 3 5 0 0 0 0 2 1 1 0 4 2 0 3 0 0 
4 5 3 0 2 0 0 3 2 0 0 4 0 4 0 4 3 0 5 5 0 1 1 3 3 2 5 0 1 2 1 3 1 5 0 2 0 2 3 4 0 3 5 0 0 2 0 0 2 0 
0 1 4 2 1 0 2 0 1 0 4 0 2 0 4 0 4 1 3 0 0 1 5 3 4 5 0 1 5 0 0 5 0 1 2 3 2 5 2 3 0 2 5 3 1 1 4 1 2 2 
0 4 0 5 2 5 0 0 2 2 0 0 3 0 3 0 0 0 1 0 4 2 5 2 3 0 0 0 4 1 1 0 4 1 3 0 0 0 3 2 0 0 0 0 4 3 3 3 5 0 
3 0 3 2 0 4 3 4 0 0 2 4 0 3 4 0 3 4 1 5 0 0 5 1 1 0 0 5 3 3 0 0 0 0 5 1 0 4 2 0 0 1 0 5 1 5 0 5 3 4 
5 0 0 4 0 0 1 0 0 2 4 2 4 0 1 4 4 5 0 1 0 0 1 0 0 0 0 5 1 4 1 5 5 1 0 3 2 0 0 4 0 4 4 0 1 0 0 3 0 0 
3 3 0 2 0 2 1 0 4 5 0 0 1 5 0 0 3 0 4 2 1 1 3 3 4 1 0 0 1 4 4 4 5 2 0 0 4 0 0 3 0 0 0 5 4 2 0 1 0 0 
2 0 3 4 3 4 1 2 0 0 3 3 5 4 0 2 0 1 5 1 2 0 1 0 0 3 2 4 3 5 2 5 0 0 0 2 4 0 0 0 5 4 2 5 1 1 1 2 2 1 
4 0 1 3 2 4 0 2 2 3 0 5 1 4 4 5 0 1 0 0 4 4 0 2 5 1 5 0 0 0 3 0 5 2 1 3 1 5 0 0 0 5 1 3 5 0 5 0 3 2 
4 2 3 5 4 2 0 3 3 0 2 0 3 1 4 0 3 3 2 0 0 5 0 1 3 0 2 3 0 1 4 0 4 5 5 4 4 0 3 2 1 0 4 5 0 4 0 1 2 4 
4 1 3 0 0 3 1 1 0 1 5 4 1 2 3 1 5 3 3 2 0 5 0 0 2 3 3 1 5 1 5 0 4 1 3 5 4 5 2 3 1 3 3 0 3 3 2 0 4 3 

=============================================

A:
 2 4 3 3 2 5 4 4 3 3 5 3 3 2 5 5 3 4 3 5 2 3 1 1 2 3 4 3 4 3 2 3 1 3 1 3 4 5 2 3 1 2 1 4 3 4 2 1 4 2 1 4 3 5 1 3 4 4 5 4 3 3 4 3 2 3 2 2 1 2 3 1 5 2 5 2 4 2 1 2 1 3 1 3 1 3 1 2 3 3 4 2 4 3 5 3 3 2 3 3 1 2 5 1 4 1 3 4 3 4 1 3 5 4 1 2 1 1 3 3 4 1 1 3 1 4 4 5 4 3 5 1 2 2 5 3 2 4 2 1 5 2 5 5 5 1 4 5 1 2 4 3 4 3 5 2 1 3 3 3 3 3 4 2 2 3 5 2 2 3 5 2 5 2 1 3 2 1 5 5 3 2 2 4 1 5 3 3 2 1 4 4 2 4 2 4 1 5 1 2 3 3 2 3 1 1 3 2 3 2 4 4 5 4 4 1 4 3 5 1 5 3 3 4 2 4 1 5 3 1 1 5 5 2 2 5 2 2 1 5 1 1 2 2 5 1 2 4 4 1 2 5 1 4 3 5 2 1 5 5 3 1 3 1 1 3 5 1 4 1 3 1 3 1 2 2 3 5 2 2 2 3 2 3 1 2 1 3 4 3 2 3 1 5 2 3 3 5 1 3 1 5 4 1 5 2 4 4 5 4 4 1 1 5 2 4 1 2 5 2 1 3 2 5 2 1 4 5 5 2 2 2 1 5 3 5 5 3 4 1 5 1 3 3 5 2 1 4 5 2 5 5 2 3 2 1 3 2 2 4 3 5 4 2 2 2 4 4 1 2 4 1 5 4 4 5 3 3 4 1 2 5 1 5 5 2 1 1 1 5 3 5 1 1 5 3 5 1 2 3 3 4 2 2 4 1 3 4 4 3 4 2 1 3 4 1 4 5 2 3 5 5 1 5 4 1 3 1 3 5 2 1 2 2 5 4 1 5 3 3 4 5 2 5 5 5 3 3 3 3 2 5 2 2 3 5 2 4 3 1 1 2 3 1 3 1 4 1 1 5 1 1 5 3 1 3 2 1 5 5 5 1 3 4 1 5 3 4 2 4 5 5 5 5 2 1 4 5 3 1 2 5 2 2 3 2 4 2 1 5 1 2 5 3 2 3 4 3 4 5 3 4 4 3 3 4 4 5 4 2 3 2 1 3 5 4 2 5 2 2 4 3 4 2 3 5 2 3 1 5 3 1 3 3 5 1 2 4 2 1 3 2 5 2 3 5 5 4 5 4 4 1 5 1 3 4 5 4 5 2 5 1 5 1 1 3 3 5 2 2 2 5 4 5 2 5 3 1 5 3 4 2 5 4 4 3 3 3 1 2 3 2 5 1 4 3 1 1 5 5 1 5 4 4 2 5 1 3 4 5 4 1 1 1 2 5 5 2 1 4 3 4 1 5 2 4 5 2 5 1 5 5 1 3 5 5 5 4 5 3 2 5 4 5 2 5 2 3 4 5 2 3 4 4 4 4 4 3 3 4 1 4 4 4 4 1 3 1 2 4 1 1 1 4 5 4 5 4 5 5 5 4 5 1 1 5 2 3 5 1 2 3 5 2 3 2 4 2 5 1 2 1 5 3 3 2 5 2 4 2 4 2 5 3 5 4 5 1 2 5 4 1 4 2 4 5 3 3 4 5 4 3 2 5 2 1 1 4 5 1 1 4 1 1 1 2 1 4 2 3 3 5 1 4 2 2 3 5 5 5 1 1 4 2 3 3 5 5 4 3 1 2 4 4 1 3 4 2 3 5 1 2 1 1 1 4 5 3 2 5 1 3 2 3 4 5 4 4 2 3 1 1 5 1 2 2 5 3 3 1 3 4 2 3 5 5 3 1 4 1 2 4 2 4 2 1 2 2 5 2 4 5 4 3 1 2 3 4 4 1 2 3 2 4 4 2 2 3 5 2 1 2 4 4 2 5 5 5 3 3 1 2 1 4 3 2 5 4 4 4 4 4 2 4 4 2 3 2 5 2 2 4 1 2 4 5 2 3 5 1 5 1 1 4 5 5 5 3 5 4 4 1 3 4 1 4 1 1 2 5 1 2 5 3 4 3 3 2 1 4 2 5 4 1 5 5 4 3 3 3 5 4 5 2 1 2 2 3 2 3 2 5 4 5 3 1 2 1 3 5 2 4 2 4 5 2 5 3 1 5 4 1 2 2 1 3 3 2 5 5 5 4 3 1 4 5 3 5 1 1 2 5 3 1 1 5 1 5 2 1 3 3 3 1 4 5 2 3 2 2 2 2 4 2 5 1 5 3 3 3 1 3 1 4 5 4 2 5 1 1 5 2 1 2 4 3 1 1 5 1 3 5 5 3 2 2 1 4 1 4 3 1 4 2 1 1 3 4 5 4 2 1 3 1 3 2 2 2 3 4 5 1 3 3 4 5 4 2 2 3 3 4 5 1 3 1 1 1 1 3 4 5 5 4 5 1 4 1 5 3 1 5 1 1 1 2 3 1 5 4 3 4 5 5 1 2 5 4 4 4 1 2 5 3 2 5 3 3 2 1 4 5 3 4 4 4 3 4 3 2 1 3 4 3 4 5 5 3 1 4 5 1 3 5 1 1 3 4 2 4 3 3 2 3 2 5 4 5 1 5 1 4 4 1 1 1 3 5 4 3 4 3 3 3 1 1 5 5 1 3 1 3 4 3 2 3 5 2 1 2 4 5 4 4 3 1 4 1 3 1 1 4 2 1 5 2 1 2 3 4 3 5 4 1 4 3 3 1 2 4 4 5 5 4 4 1 2 5 3 3 5 1 2 1 3 4 2 4 4 2 5 3 1 5 5 3 2 2 3 3 4 5 1 4 1 2 3 2 4 5 1 2 4 2 5 1 1 1 2 3 1 1 4 5 3 3 2 3 1 4 4 4 4 3 1 3 4 3 5 1 4 1 2 2 5 3 2 4 5 3 2 3 2 3 2 5 1 3 1 1 3 5 4 5 5 2 4 5 3 3 5 2 1 1 4 2 3 4 5 3 2 3 2 4 4 4 3 5 5 1 1 3 3 2 5 1 2 1 3 1 5 2 2 3 4 3 5 2 2 1 4 2 1 2 1 4 2 4 4 1 3 1 5 3 4 5 1 5 5 1 2 3 2 5 2 3 2 5 3 1 1 4 1 2 2 4 5 2 5 2 2 3 3 1 4 2 5 2 3 4 1 1 4 1 3 3 2 4 3 3 3 5 3 3 2 4 3 4 2 4 3 4 3 4 1 5 5 1 1 5 3 3 5 1 4 2 1 5 1 5 5 3 4 5 4 1 2 4 2 4 1 4 4 5 1 1 5 1 4 1 5 5 1 3 2 4 4 4 1 3 3 3 2 2 1 4 5 1 5 3 4 2 1 1 3 3 4 1 1 4 4 4 5 2 4 3 5 4 2 1 2 3 4 3 4 1 2 3 3 5 4 2 1 5 1 2 1 3 2 4 3 5 2 5 2 4 5 4 2 5 1 1 1 2 2 1 4 1 3 2 4 2 2 3 5 1 4 4 5 1 4 4 2 5 1 5 3 5 2 1 3 1 5 5 1 3 5 5 3 2 4 2 3 5 4 2 3 3 2 3 1 4 3 3 2 5 1 3 2 3 1 4 4 5 5 4 4 3 2 1 4 5 4 1 2 4 4 1 3 3 1 1 1 5 4 1 2 3 1 5 3 3 2 5 2 3 3 1 5 1 5 4 1 3 5 4 5 2 3 1 3 3 3 3 2 4 3 
JA:
 0 2 4 5 6 7 8 12 13 14 15 16 17 18 20 21 22 23 25 26 28 29 31 32 33 34 35 36 37 38 39 40 41 42 43 44 45 46 47 48 49 0 1 2 4 7 8 10 11 13 14 15 16 17 18 20 21 22 24 25 26 27 30 31 32 33 34 35 37 38 40 43 44 47 48 0 1 4 5 6 7 8 9 10 11 13 14 16 18 20 22 23 25 27 28 29 30 32 34 36 38 39 40 41 42 43 44 45 47 48 49 0 1 2 4 6 7 8 9 10 11 14 15 17 18 20 22 25 27 28 30 32 33 34 36 37 40 43 44 45 46 48 49 3 4 6 8 10 11 13 14 16 17 18 19 21 22 23 24 26 27 29 30 31 33 34 36 37 38 39 41 42 43 44 45 46 47 48 49 0 1 3 4 5 7 9 10 12 13 14 15 16 17 18 20 24 25 26 27 31 32 33 34 35 36 37 41 42 43 44 45 48 1 2 3 6 7 9 11 12 13 14 15 16 17 18 19 23 24 25 26 27 28 31 32 33 34 35 36 38 39 42 47 0 1 3 6 8 9 10 13 15 16 19 20 21 23 24 25 27 29 30 32 33 34 37 39 40 41 43 45 48 49 1 3 5 10 11 12 17 19 20 22 24 25 27 28 29 31 32 34 36 37 39 40 42 43 44 46 48 49 0 1 2 3 5 6 7 8 10 11 12 13 15 16 17 18 21 23 24 25 26 28 29 30 31 32 35 36 37 38 41 42 43 44 45 46 49 0 2 3 5 6 8 10 11 12 13 14 15 16 18 19 20 21 24 26 29 30 31 32 35 36 38 40 42 43 44 45 46 47 48 49 0 1 3 5 6 7 8 10 11 12 13 14 15 16 17 19 21 22 23 25 26 27 29 30 33 35 36 37 38 39 40 41 42 45 46 48 49 0 1 2 3 4 5 6 7 8 10 12 15 20 21 22 23 24 27 28 29 30 32 33 34 36 37 38 39 40 42 43 44 45 46 48 49 0 1 2 4 5 6 7 8 9 11 12 13 14 15 16 17 18 19 20 21 22 23 26 28 29 30 31 32 34 37 40 41 42 45 46 47 48 49 0 1 2 5 6 7 9 10 11 13 15 17 21 23 24 26 27 28 29 30 32 33 34 35 37 38 39 41 43 44 46 48 0 2 3 5 6 7 8 9 10 11 14 15 16 18 23 26 27 28 29 30 33 36 38 39 40 41 42 43 44 46 47 0 1 7 8 10 13 15 17 18 19 20 22 25 26 27 28 29 34 35 36 37 38 41 42 43 44 47 49 0 1 3 5 7 8 10 11 13 14 15 16 17 18 19 20 21 22 24 25 26 27 30 31 33 34 36 37 39 40 41 42 43 45 46 48 49 0 1 3 4 5 9 11 12 13 15 16 20 21 22 25 26 27 29 31 35 36 37 38 40 41 46 47 48 49 1 2 3 7 8 9 10 12 13 15 16 17 18 19 20 21 22 23 24 26 27 29 30 31 34 35 36 38 39 40 41 42 43 44 45 46 47 48 49 1 2 3 4 5 6 7 8 10 11 12 13 15 19 20 21 23 24 25 27 28 29 32 33 35 37 38 39 40 41 44 45 47 49 0 1 2 5 7 10 11 13 15 16 17 18 19 20 22 23 24 25 26 27 28 29 30 31 32 34 36 37 39 42 44 45 49 1 2 4 6 9 10 12 14 15 16 17 18 19 20 21 22 23 25 27 28 29 31 32 33 34 36 38 39 41 45 46 49 0 3 4 8 9 11 12 13 15 17 19 21 22 24 25 26 27 28 30 31 33 35 37 41 43 44 45 46 48 49 2 3 5 6 7 8 9 10 11 13 14 16 18 20 27 28 31 32 33 34 35 37 38 39 40 42 43 44 45 46 49 2 3 4 5 8 9 11 12 13 14 16 18 19 20 22 23 25 26 29 30 31 33 36 37 38 39 41 43 44 46 47 48 49 1 2 4 5 6 11 12 13 14 15 16 17 18 19 20 21 25 26 28 31 32 33 35 36 37 38 40 41 42 44 45 46 47 48 0 1 2 3 4 5 7 9 10 11 12 15 17 18 19 20 21 24 25 26 28 30 31 32 33 34 35 36 37 38 39 40 41 42 44 46 47 48 49 1 2 3 4 5 6 7 8 9 11 14 15 16 17 19 21 22 23 24 26 27 28 29 31 32 34 35 37 39 42 44 45 46 47 48 1 6 8 9 11 12 13 14 16 18 20 23 26 28 29 31 32 33 34 36 37 42 43 45 46 47 48 49 0 1 2 3 4 5 6 7 8 9 11 13 14 15 16 17 18 21 22 25 26 27 28 29 31 32 34 35 36 37 38 41 44 45 46 48 49 2 4 6 7 9 10 11 13 14 15 16 17 18 20 21 22 23 24 25 26 29 30 31 32 34 37 39 40 41 42 43 44 46 47 48 0 1 2 3 4 7 8 9 10 11 13 14 16 17 18 19 20 21 22 23 25 28 29 30 32 36 38 39 43 45 47 48 49 0 1 2 3 5 6 7 8 9 10 11 14 15 17 18 19 20 21 22 25 28 29 30 31 32 33 34 35 36 38 40 41 42 44 45 46 47 48 49 0 2 3 5 6 7 8 10 11 14 15 16 17 20 23 25 26 27 28 29 30 31 33 34 35 36 37 38 39 41 42 44 45 46 47 49 0 2 3 4 6 7 8 9 15 19 20 21 22 23 24 26 27 30 31 33 34 35 36 38 39 43 46 47 48 0 1 3 4 7 9 10 13 15 16 17 18 19 20 21 22 26 27 28 29 32 34 35 36 37 38 39 40 41 42 43 45 46 47 48 49 0 6 8 9 10 11 12 14 15 16 17 21 22 24 25 27 29 30 33 35 36 37 39 40 41 42 43 44 46 47 0 1 5 10 12 13 14 15 17 18 20 21 22 23 24 27 28 29 30 31 32 33 35 36 37 39 40 41 44 45 46 48 49 1 2 3 6 8 10 11 12 14 15 16 18 20 22 23 24 26 28 29 30 31 33 34 35 40 41 42 44 45 47 0 1 2 4 7 8 11 13 15 16 18 19 21 22 23 24 25 26 28 29 30 31 32 33 35 37 38 39 41 42 45 48 1 2 3 4 6 8 10 12 14 16 17 18 21 22 23 24 25 27 28 31 33 34 35 36 37 38 39 41 42 43 44 45 46 47 48 49 1 3 4 5 8 9 12 14 18 20 21 22 23 24 28 29 30 32 33 34 38 39 44 45 46 47 48 0 2 3 5 6 7 10 11 13 14 16 17 18 19 22 23 24 27 28 29 34 35 37 38 41 43 44 45 47 48 49 0 3 6 9 10 11 12 14 15 16 17 19 22 27 28 29 30 31 32 33 35 36 39 41 42 44 47 0 1 3 5 6 8 9 12 13 16 18 19 20 21 22 23 24 25 28 29 30 31 32 33 36 39 43 44 45 47 0 2 3 4 5 6 7 10 11 12 13 15 17 18 19 20 22 25 26 27 28 29 30 31 35 36 40 41 42 43 44 45 46 47 48 49 0 2 3 4 5 7 8 9 11 12 13 14 15 17 20 21 23 24 25 26 30 32 33 34 35 36 37 41 42 43 44 46 48 49 0 1 2 3 4 5 7 8 10 12 13 14 16 17 18 21 23 24 26 27 29 30 32 33 34 35 36 38 39 40 42 43 45 47 48 49 0 1 2 5 6 7 9 10 11 12 13 14 15 16 17 18 19 21 24 25 26 27 28 29 30 32 33 34 35 36 37 38 39 40 41 42 44 45 46 48 49 
Nk:
 0 41 75 111 143 179 212 243 273 301 338 373 410 446 484 516 547 575 612 641 680 714 747 779 809 840 873 907 946 981 1009 1046 1081 1114 1153 1189 1218 1254 1284 1317 1347 1379 1415 1442 1473 1500 1530 1566 1600 1636 
=============================================

A:
 2 4 3 3 2 5 4 4 3 3 5 3 3 2 5 5 3 4 3 5 2 3 1 1 2 3 4 3 4 3 2 3 1 3 1 3 4 5 2 3 1 2 1 4 3 4 2 1 4 2 1 4 3 5 1 3 4 4 5 4 3 3 4 3 2 3 2 2 1 2 3 1 5 2 5 2 4 2 1 2 1 3 1 3 1 3 1 2 3 3 4 2 4 3 5 3 3 2 3 3 1 2 5 1 4 1 3 4 3 4 1 3 5 4 1 2 1 1 3 3 4 1 1 3 1 4 4 5 4 3 5 1 2 2 5 3 2 4 2 1 5 2 5 5 5 1 4 5 1 2 4 3 4 3 5 2 1 3 3 3 3 3 4 2 2 3 5 2 2 3 5 2 5 2 1 3 2 1 5 5 3 2 2 4 1 5 3 3 2 1 4 4 2 4 2 4 1 5 1 2 3 3 2 3 1 1 3 2 3 2 4 4 5 4 4 1 4 3 5 1 5 3 3 4 2 4 1 5 3 1 1 5 5 2 2 5 2 2 1 5 1 1 2 2 5 1 2 4 4 1 2 5 1 4 3 5 2 1 5 5 3 1 3 1 1 3 5 1 4 1 3 1 3 1 2 2 3 5 2 2 2 3 2 3 1 2 1 3 4 3 2 3 1 5 2 3 3 5 1 3 1 5 4 1 5 2 4 4 5 4 4 1 1 5 2 4 1 2 5 2 1 3 2 5 2 1 4 5 5 2 2 2 1 5 3 5 5 3 4 1 5 1 3 3 5 2 1 4 5 2 5 5 2 3 2 1 3 2 2 4 3 5 4 2 2 2 4 4 1 2 4 1 5 4 4 5 3 3 4 1 2 5 1 5 5 2 1 1 1 5 3 5 1 1 5 3 5 1 2 3 3 4 2 2 4 1 3 4 4 3 4 2 1 3 4 1 4 5 2 3 5 5 1 5 4 1 3 1 3 5 2 1 2 2 5 4 1 5 3 3 4 5 2 5 5 5 3 3 3 3 2 5 2 2 3 5 2 4 3 1 1 2 3 1 3 1 4 1 1 5 1 1 5 3 1 3 2 1 5 5 5 1 3 4 1 5 3 4 2 4 5 5 5 5 2 1 4 5 3 1 2 5 2 2 3 2 4 2 1 5 1 2 5 3 2 3 4 3 4 5 3 4 4 3 3 4 4 5 4 2 3 2 1 3 5 4 2 5 2 2 4 3 4 2 3 5 2 3 1 5 3 1 3 3 5 1 2 4 2 1 3 2 5 2 3 5 5 4 5 4 4 1 5 1 3 4 5 4 5 2 5 1 5 1 1 3 3 5 2 2 2 5 4 5 2 5 3 1 5 3 4 2 5 4 4 3 3 3 1 2 3 2 5 1 4 3 1 1 5 5 1 5 4 4 2 5 1 3 4 5 4 1 1 1 2 5 5 2 1 4 3 4 1 5 2 4 5 2 5 1 5 5 1 3 5 5 5 4 5 3 2 5 4 5 2 5 2 3 4 5 2 3 4 4 4 4 4 3 3 4 1 4 4 4 4 1 3 1 2 4 1 1 1 4 5 4 5 4 5 5 5 4 5 1 1 5 2 3 5 1 2 3 5 2 3 2 4 2 5 1 2 1 5 3 3 2 5 2 4 2 4 2 5 3 5 4 5 1 2 5 4 1 4 2 4 5 3 3 4 5 4 3 2 5 2 1 1 4 5 1 1 4 1 1 1 2 1 4 2 3 3 5 1 4 2 2 3 5 5 5 1 1 4 2 3 3 5 5 4 3 1 2 4 4 1 3 4 2 3 5 1 2 1 1 1 4 5 3 2 5 1 3 2 3 4 5 4 4 2 3 1 1 5 1 2 2 5 3 3 1 3 4 2 3 5 5 3 1 4 1 2 4 2 4 2 1 2 2 5 2 4 5 4 3 1 2 3 4 4 1 2 3 2 4 4 2 2 3 5 2 1 2 4 4 2 5 5 5 3 3 1 2 1 4 3 2 5 4 4 4 4 4 2 4 4 2 3 2 5 2 2 4 1 2 4 5 2 3 5 1 5 1 1 4 5 5 5 3 5 4 4 1 3 4 1 4 1 1 2 5 1 2 5 3 4 3 3 2 1 4 2 5 4 1 5 5 4 3 3 3 5 4 5 2 1 2 2 3 2 3 2 5 4 5 3 1 2 1 3 5 2 4 2 4 5 2 5 3 1 5 4 1 2 2 1 3 3 2 5 5 5 4 3 1 4 5 3 5 1 1 2 5 3 1 1 5 1 5 2 1 3 3 3 1 4 5 2 3 2 2 2 2 4 2 5 1 5 3 3 3 1 3 1 4 5 4 2 5 1 1 5 2 1 2 4 3 1 1 5 1 3 5 5 3 2 2 1 4 1 4 3 1 4 2 1 1 3 4 5 4 2 1 3 1 3 2 2 2 3 4 5 1 3 3 4 5 4 2 2 3 3 4 5 1 3 1 1 1 1 3 4 5 5 4 5 1 4 1 5 3 1 5 1 1 1 2 3 1 5 4 3 4 5 5 1 2 5 4 4 4 1 2 5 3 2 5 3 3 2 1 4 5 3 4 4 4 3 4 3 2 1 3 4 3 4 5 5 3 1 4 5 1 3 5 1 1 3 4 2 4 3 3 2 3 2 5 4 5 1 5 1 4 4 1 1 1 3 5 4 3 4 3 3 3 1 1 5 5 1 3 1 3 4 3 2 3 5 2 1 2 4 5 4 4 3 1 4 1 3 1 1 4 2 1 5 2 1 2 3 4 3 5 4 1 4 3 3 1 2 4 4 5 5 4 4 1 2 5 3 3 5 1 2 1 3 4 2 4 4 2 5 3 1 5 5 3 2 2 3 3 4 5 1 4 1 2 3 2 4 5 1 2 4 2 5 1 1 1 2 3 1 1 4 5 3 3 2 3 1 4 4 4 4 3 1 3 4 3 5 1 4 1 2 2 5 3 2 4 5 3 2 3 2 3 2 5 1 3 1 1 3 5 4 5 5 2 4 5 3 3 5 2 1 1 4 2 3 4 5 3 2 3 2 4 4 4 3 5 5 1 1 3 3 2 5 1 2 1 3 1 5 2 2 3 4 3 5 2 2 1 4 2 1 2 1 4 2 4 4 1 3 1 5 3 4 5 1 5 5 1 2 3 2 5 2 3 2 5 3 1 1 4 1 2 2 4 5 2 5 2 2 3 3 1 4 2 5 2 3 4 1 1 4 1 3 3 2 4 3 3 3 5 3 3 2 4 3 4 2 4 3 4 3 4 1 5 5 1 1 5 3 3 5 1 4 2 1 5 1 5 5 3 4 5 4 1 2 4 2 4 1 4 4 5 1 1 5 1 4 1 5 5 1 3 2 4 4 4 1 3 3 3 2 2 1 4 5 1 5 3 4 2 1 1 3 3 4 1 1 4 4 4 5 2 4 3 5 4 2 1 2 3 4 3 4 1 2 3 3 5 4 2 1 5 1 2 1 3 2 4 3 5 2 5 2 4 5 4 2 5 1 1 1 2 2 1 4 1 3 2 4 2 2 3 5 1 4 4 5 1 4 4 2 5 1 5 3 5 2 1 3 1 5 5 1 3 5 5 3 2 4 2 3 5 4 2 3 3 2 3 1 4 3 3 2 5 1 3 2 3 1 4 4 5 5 4 4 3 2 1 4 5 4 1 2 4 4 1 3 3 1 1 1 5 4 1 2 3 1 5 3 3 2 5 2 3 3 1 5 1 5 4 1 3 5 4 5 2 3 1 3 3 3 3 2 4 3 
JA:
 0 2 4 5 6 7 8 12 13 14 15 16 17 18 20 21 22 23 25 26 28 29 31 32 33 34 35 36 37 38 39 40 41 42 43 44 45 46 47 48 49 0 1 2 4 7 8 10 11 13 14 15 16 17 18 20 21 22 24 25 26 27 30 31 32 33 34 35 37 38 40 43 44 47 48 0 1 4 5 6 7 8 9 10 11 13 14 16 18 20 22 23 25 27 28 29 30 32 34 36 38 39 40 41 42 43 44 45 47 48 49 0 1 2 4 6 7 8 9 10 11 14 15 17 18 20 22 25 27 28 30 32 33 34 36 37 40 43 44 45 46 48 49 3 4 6 8 10 11 13 14 16 17 18 19 21 22 23 24 26 27 29 30 31 33 34 36 37 38 39 41 42 43 44 45 46 47 48 49 0 1 3 4 5 7 9 10 12 13 14 15 16 17 18 20 24 25 26 27 31 32 33 34 35 36 37 41 42 43 44 45 48 1 2 3 6 7 9 11 12 13 14 15 16 17 18 19 23 24 25 26 27 28 31 32 33 34 35 36 38 39 42 47 0 1 3 6 8 9 10 13 15 16 19 20 21 23 24 25 27 29 30 32 33 34 37 39 40 41 43 45 48 49 1 3 5 10 11 12 17 19 20 22 24 25 27 28 29 31 32 34 36 37 39 40 42 43 44 46 48 49 0 1 2 3 5 6 7 8 10 11 12 13 15 16 17 18 21 23 24 25 26 28 29 30 31 32 35 36 37 38 41 42 43 44 45 46 49 0 2 3 5 6 8 10 11 12 13 14 15 16 18 19 20 21 24 26 29 30 31 32 35 36 38 40 42 43 44 45 46 47 48 49 0 1 3 5 6 7 8 10 11 12 13 14 15 16 17 19 21 22 23 25 26 27 29 30 33 35 36 37 38 39 40 41 42 45 46 48 49 0 1 2 3 4 5 6 7 8 10 12 15 20 21 22 23 24 27 28 29 30 32 33 34 36 37 38 39 40 42 43 44 45 46 48 49 0 1 2 4 5 6 7 8 9 11 12 13 14 15 16 17 18 19 20 21 22 23 26 28 29 30 31 32 34 37 40 41 42 45 46 47 48 49 0 1 2 5 6 7 9 10 11 13 15 17 21 23 24 26 27 28 29 30 32 33 34 35 37 38 39 41 43 44 46 48 0 2 3 5 6 7 8 9 10 11 14 15 16 18 23 26 27 28 29 30 33 36 38 39 40 41 42 43 44 46 47 0 1 7 8 10 13 15 17 18 19 20 22 25 26 27 28 29 34 35 36 37 38 41 42 43 44 47 49 0 1 3 5 7 8 10 11 13 14 15 16 17 18 19 20 21 22 24 25 26 27 30 31 33 34 36 37 39 40 41 42 43 45 46 48 49 0 1 3 4 5 9 11 12 13 15 16 20 21 22 25 26 27 29 31 35 36 37 38 40 41 46 47 48 49 1 2 3 7 8 9 10 12 13 15 16 17 18 19 20 21 22 23 24 26 27 29 30 31 34 35 36 38 39 40 41 42 43 44 45 46 47 48 49 1 2 3 4 5 6 7 8 10 11 12 13 15 19 20 21 23 24 25 27 28 29 32 33 35 37 38 39 40 41 44 45 47 49 0 1 2 5 7 10 11 13 15 16 17 18 19 20 22 23 24 25 26 27 28 29 30 31 32 34 36 37 39 42 44 45 49 1 2 4 6 9 10 12 14 15 16 17 18 19 20 21 22 23 25 27 28 29 31 32 33 34 36 38 39 41 45 46 49 0 3 4 8 9 11 12 13 15 17 19 21 22 24 25 26 27 28 30 31 33 35 37 41 43 44 45 46 48 49 2 3 5 6 7 8 9 10 11 13 14 16 18 20 27 28 31 32 33 34 35 37 38 39 40 42 43 44 45 46 49 2 3 4 5 8 9 11 12 13 14 16 18 19 20 22 23 25 26 29 30 31 33 36 37 38 39 41 43 44 46 47 48 49 1 2 4 5 6 11 12 13 14 15 16 17 18 19 20 21 25 26 28 31 32 33 35 36 37 38 40 41 42 44 45 46 47 48 0 1 2 3 4 5 7 9 10 11 12 15 17 18 19 20 21 24 25 26 28 30 31 32 33 34 35 36 37 38 39 40 41 42 44 46 47 48 49 1 2 3 4 5 6 7 8 9 11 14 15 16 17 19 21 22 23 24 26 27 28 29 31 32 34 35 37 39 42 44 45 46 47 48 1 6 8 9 11 12 13 14 16 18 20 23 26 28 29 31 32 33 34 36 37 42 43 45 46 47 48 49 0 1 2 3 4 5 6 7 8 9 11 13 14 15 16 17 18 21 22 25 26 27 28 29 31 32 34 35 36 37 38 41 44 45 46 48 49 2 4 6 7 9 10 11 13 14 15 16 17 18 20 21 22 23 24 25 26 29 30 31 32 34 37 39 40 41 42 43 44 46 47 48 0 1 2 3 4 7 8 9 10 11 13 14 16 17 18 19 20 21 22 23 25 28 29 30 32 36 38 39 43 45 47 48 49 0 1 2 3 5 6 7 8 9 10 11 14 15 17 18 19 20 21 22 25 28 29 30 31 32 33 34 35 36 38 40 41 42 44 45 46 47 48 49 0 2 3 5 6 7 8 10 11 14 15 16 17 20 23 25 26 27 28 29 30 31 33 34 35 36 37 38 39 41 42 44 45 46 47 49 0 2 3 4 6 7 8 9 15 19 20 21 22 23 24 26 27 30 31 33 34 35 36 38 39 43 46 47 48 0 1 3 4 7 9 10 13 15 16 17 18 19 20 21 22 26 27 28 29 32 34 35 36 37 38 39 40 41 42 43 45 46 47 48 49 0 6 8 9 10 11 12 14 15 16 17 21 22 24 25 27 29 30 33 35 36 37 39 40 41 42 43 44 46 47 0 1 5 10 12 13 14 15 17 18 20 21 22 23 24 27 28 29 30 31 32 33 35 36 37 39 40 41 44 45 46 48 49 1 2 3 6 8 10 11 12 14 15 16 18 20 22 23 24 26 28 29 30 31 33 34 35 40 41 42 44 45 47 0 1 2 4 7 8 11 13 15 16 18 19 21 22 23 24 25 26 28 29 30 31 32 33 35 37 38 39 41 42 45 48 1 2 3 4 6 8 10 12 14 16 17 18 21 22 23 24 25 27 28 31 33 34 35 36 37 38 39 41 42 43 44 45 46 47 48 49 1 3 4 5 8 9 12 14 18 20 21 22 23 24 28 29 30 32 33 34 38 39 44 45 46 47 48 0 2 3 5 6 7 10 11 13 14 16 17 18 19 22 23 24 27 28 29 34 35 37 38 41 43 44 45 47 48 49 0 3 6 9 10 11 12 14 15 16 17 19 22 27 28 29 30 31 32 33 35 36 39 41 42 44 47 0 1 3 5 6 8 9 12 13 16 18 19 20 21 22 23 24 25 28 29 30 31 32 33 36 39 43 44 45 47 0 2 3 4 5 6 7 10 11 12 13 15 17 18 19 20 22 25 26 27 28 29 30 31 35 36 40 41 42 43 44 45 46 47 48 49 0 2 3 4 5 7 8 9 11 12 13 14 15 17 20 21 23 24 25 26 30 32 33 34 35 36 37 41 42 43 44 46 48 49 0 1 2 3 4 5 7 8 10 12 13 14 16 17 18 21 23 24 26 27 29 30 32 33 34 35 36 38 39 40 42 43 45 47 48 49 0 1 2 5 6 7 9 10 11 12 13 14 15 16 17 18 19 21 24 25 26 27 28 29 30 32 33 34 35 36 37 38 39 40 41 42 44 45 46 48 49 
Nk:
 0 41 75 111 143 179 212 243 273 301 338 373 410 446 484 516 547 575 612 641 680 714 747 779 809 840 873 907 946 981 1009 1046 1081 1114 1153 1189 1218 1254 1284 1317 1347 1379 1415 1442 1473 1500 1530 1566 1600 1636 
=============================================
439 
265 
224 
204 
230 
220 
200 
186 
139 
308 
248 
275 
325 
269 
222 
269 
256 
289 
228 
354 
264 
269 
233 
211 
230 
240 
300 
291 
299 
227 
274 
218 
217 
311 
294 
206 
293 
219 
248 
226 
238 
245 
204 
227 
158 
172 
235 
289 
274 
292 

=============================================
=============================================
