=============================================
0 0 0 4 0 0 3 3 2 0 4 0 0 0 4 3 3 5 0 4 1 4 5 0 0 3 4 0 0 3 3 0 0 3 0 0 0 1 2 0 4 0 0 4 0 3 0 0 3 1 
3 0 0 3 4 5 0 3 0 0 5 1 1 4 3 0 0 0 4 0 0 1 4 0 2 1 4 0 0 5 1 0 0 2 3 3 0 0 4 3 0 3 0 0 0 0 1 2 4 2 
0 0 1 0 1 3 0 0 1 0 0 0 0 2 0 0 0 0 0 4 0 0 2 1 2 1 3 1 3 0 5 0 4 0 0 0 0 0 3 0 3 0 4 2 0 4 0 3 0 3 
0 3 0 2 0 3 0 3 0 1 0 0 5 1 4 0 0 3 4 0 0 4 4 1 4 0 4 0 1 0 2 0 3 0 3 0 1 0 0 0 1 1 0 0 4 0 0 0 2 4 
0 0 0 3 4 3 0 5 0 1 0 0 0 0 0 0 2 0 0 0 0 0 0 0 4 2 1 5 0 2 5 0 0 0 0 0 5 0 1 0 4 0 5 1 0 2 4 0 3 4 
3 5 0 2 0 0 3 0 0 0 3 0 2 0 3 1 2 2 3 0 0 0 2 2 3 0 5 2 5 0 4 2 0 0 4 0 5 5 3 0 2 2 4 0 1 0 0 3 0 0 
3 0 0 1 4 0 5 5 1 0 0 0 0 0 4 1 0 5 0 0 0 0 2 0 2 3 3 0 1 1 0 0 0 3 2 3 2 4 0 0 4 0 0 5 4 4 0 0 1 4 
0 3 0 5 1 0 0 3 3 0 0 0 4 0 1 0 0 0 5 3 0 1 3 0 5 0 0 2 2 0 0 2 2 1 0 5 0 0 0 0 1 0 0 0 0 2 0 0 0 0 
5 0 1 0 0 2 0 4 0 3 0 0 0 2 0 0 4 3 0 4 3 0 0 0 0 1 0 5 0 5 0 3 1 0 3 1 1 0 0 0 2 5 0 1 2 1 0 3 0 0 
1 0 1 0 5 2 0 2 0 0 0 0 3 5 2 0 0 0 0 2 0 2 3 0 2 0 3 1 0 0 0 1 3 0 4 0 0 0 0 4 3 1 0 5 0 3 3 0 0 5 
0 1 0 3 1 5 0 5 0 5 0 2 4 4 5 0 4 4 1 1 0 5 2 4 0 3 0 2 0 5 0 2 0 3 0 0 2 1 0 0 0 4 0 0 5 0 0 2 2 0 
0 0 0 1 0 4 4 1 1 0 0 0 4 0 1 0 0 0 1 0 3 3 0 5 2 1 4 5 2 5 0 5 2 0 0 2 0 0 1 0 3 0 0 0 0 0 2 0 3 0 
0 5 4 0 2 0 2 0 2 0 4 0 1 0 0 0 0 1 5 4 4 0 0 0 0 0 1 0 4 1 0 2 5 1 5 5 0 0 0 0 1 0 1 0 5 3 5 0 0 0 
1 5 0 0 4 0 0 0 0 0 0 2 3 0 3 3 3 5 0 0 4 0 0 0 4 0 4 3 4 0 0 0 4 0 4 1 4 5 2 0 3 0 5 0 0 0 3 0 0 0 
1 0 4 4 0 3 0 0 1 3 5 0 0 0 1 2 0 0 0 0 0 0 0 0 5 0 3 0 0 3 0 0 4 4 0 0 5 0 0 3 3 0 0 0 3 2 0 0 2 2 
3 0 0 5 3 1 0 1 1 2 3 1 3 0 0 4 1 0 0 0 0 0 0 0 0 0 1 0 2 5 1 0 0 3 0 0 0 1 0 5 0 0 0 1 0 1 3 4 0 0 
5 3 0 0 4 2 4 0 5 0 0 5 0 5 0 2 0 0 2 0 0 4 0 5 3 0 0 0 0 3 0 2 2 0 3 0 3 5 5 1 5 1 0 2 0 0 0 3 0 0 
3 3 0 4 0 3 0 0 0 5 3 0 0 4 3 3 0 0 0 0 4 5 0 3 2 0 0 0 0 3 0 0 0 3 0 3 5 0 0 0 0 2 0 0 5 0 2 2 4 3 
4 2 3 0 5 2 0 0 3 0 0 0 0 0 0 0 0 0 3 0 1 0 0 3 0 3 0 5 1 2 4 0 2 0 0 0 0 3 0 5 3 3 0 0 0 0 0 5 5 4 
5 0 0 4 4 1 5 0 0 0 0 0 0 0 0 1 0 0 4 0 5 0 2 5 0 1 0 0 0 1 1 3 3 5 2 2 2 5 4 0 5 0 0 5 3 0 0 0 2 0 
0 0 5 2 0 0 5 0 4 4 0 0 3 3 0 1 2 0 3 2 5 1 0 4 3 1 0 0 0 1 0 5 5 1 0 0 0 0 4 0 0 4 2 0 0 0 0 1 3 0 
0 0 5 0 4 0 0 0 1 1 0 0 2 0 5 0 4 0 0 0 0 0 0 0 4 3 0 4 1 5 0 0 0 2 4 5 2 0 5 1 0 5 5 0 0 3 0 0 5 5 
4 0 0 3 0 2 5 0 0 0 5 2 0 0 0 0 2 3 0 4 0 1 2 4 0 0 0 0 0 4 4 3 3 0 1 1 4 0 4 0 4 1 3 1 0 2 4 0 5 5 
1 0 0 0 4 0 0 4 0 5 4 5 0 5 5 4 0 0 5 1 0 0 0 0 0 0 2 0 2 0 1 0 0 2 3 0 5 0 2 3 2 4 0 0 0 1 5 0 0 0 
0 2 0 0 0 0 0 5 0 3 2 5 2 0 4 0 1 0 2 5 0 2 0 4 5 1 0 2 0 3 4 0 3 4 0 0 2 0 4 5 0 0 0 3 0 3 0 1 5 0 
4 0 0 3 0 4 0 0 0 0 4 3 0 4 5 1 1 4 1 1 0 1 0 2 0 2 0 0 0 3 5 5 0 0 1 0 4 2 0 0 1 0 0 0 0 5 0 0 0 0 
0 0 0 0 1 1 0 0 0 4 2 0 3 3 0 0 0 5 0 4 0 3 0 1 2 0 4 4 1 0 4 0 0 2 3 0 5 0 1 0 2 0 0 0 0 0 0 0 1 0 
4 0 1 3 2 0 0 5 1 0 3 2 3 4 0 0 0 1 0 0 0 0 3 0 1 0 1 0 5 0 0 0 0 0 0 1 2 0 0 2 5 3 0 0 0 2 0 2 0 2 
0 0 0 0 1 0 3 1 0 3 0 1 0 0 2 4 2 4 0 0 2 0 1 0 0 2 0 4 0 0 0 2 5 4 0 5 1 0 0 0 3 4 0 0 0 3 5 0 0 3 
0 0 2 4 4 2 0 2 0 3 5 0 0 3 3 0 4 0 4 0 1 0 0 0 4 0 0 0 0 0 3 0 5 2 0 1 0 0 0 2 1 0 4 4 0 0 0 0 1 3 
4 0 0 2 4 4 0 2 0 4 4 4 2 2 4 0 0 1 0 4 5 0 4 3 0 0 0 3 4 3 5 4 0 5 0 5 0 0 4 0 5 0 0 0 4 1 3 4 0 0 
0 2 0 1 0 1 0 2 5 0 5 4 2 3 0 3 3 0 0 0 2 0 2 0 5 0 0 3 1 0 0 1 4 3 3 0 1 0 4 5 2 1 0 2 0 0 2 3 0 0 
3 0 2 0 0 1 0 5 0 0 0 1 0 1 4 5 5 0 0 0 0 0 0 0 0 4 0 5 0 0 2 0 5 3 1 5 4 0 0 0 0 0 0 0 0 2 0 2 1 0 
3 3 2 0 1 5 0 0 1 4 0 0 0 3 0 1 0 4 5 0 0 0 5 1 0 1 2 0 0 0 0 0 0 0 4 0 0 1 5 0 5 0 2 0 0 0 0 3 3 1 
0 0 5 0 0 3 0 0 0 2 0 2 0 2 0 0 1 0 1 0 0 5 3 0 0 0 4 0 1 0 0 1 0 0 2 2 0 4 3 2 0 1 0 0 5 0 0 2 1 2 
0 4 3 0 0 0 0 0 1 0 0 0 1 0 3 5 5 0 3 2 2 1 4 1 0 4 3 0 2 2 0 0 0 0 0 0 0 3 4 5 4 0 2 0 0 0 0 0 3 1 
3 0 0 0 0 2 0 3 4 5 0 0 0 3 3 4 0 0 0 0 4 2 0 0 0 3 0 0 4 0 0 0 1 3 1 1 0 0 1 3 4 0 0 5 0 0 0 0 0 5 
0 1 0 0 0 4 0 1 0 0 0 0 0 3 0 1 0 5 0 4 5 0 2 3 0 4 5 4 0 3 0 5 5 1 0 0 2 5 0 0 2 2 2 1 4 1 0 3 0 0 
2 5 3 3 2 1 4 5 0 0 0 4 0 0 5 0 0 0 0 4 3 2 1 3 4 0 4 4 5 0 5 0 0 1 0 4 5 1 0 0 0 0 0 0 1 0 0 0 0 3 
0 0 0 3 2 4 0 0 0 0 0 2 5 0 0 5 4 5 0 0 5 0 0 0 0 0 4 1 0 1 0 3 4 4 4 3 0 4 3 3 0 3 1 1 0 3 0 0 0 0 
5 0 0 0 1 3 1 0 1 0 3 0 2 3 0 0 5 0 0 0 1 0 0 4 5 0 0 3 0 0 0 0 3 0 0 1 0 0 1 0 3 1 0 1 4 0 0 2 0 1 
5 0 0 0 5 1 2 0 4 0 3 5 4 0 0 0 0 0 4 0 1 0 0 3 0 2 0 4 4 5 5 4 0 0 1 2 5 3 0 3 5 1 2 1 0 2 0 0 0 0 
4 0 2 4 4 0 2 1 3 0 0 5 5 0 0 0 3 2 0 2 0 5 3 0 4 5 0 0 0 0 0 0 5 0 0 1 3 2 4 0 0 1 2 0 4 2 0 0 5 1 
0 0 0 1 0 0 0 0 0 1 2 3 1 1 0 4 5 0 0 1 5 3 0 0 0 0 0 0 1 1 5 0 3 1 3 0 4 3 0 0 0 1 0 3 0 0 0 0 0 0 
5 5 3 2 0 4 5 0 0 0 0 2 0 3 0 2 3 2 0 0 4 0 3 0 0 3 1 0 3 5 4 0 5 0 5 0 4 3 0 0 3 0 0 5 0 0 0 0 0 4 
2 1 0 0 2 0 3 0 0 4 5 0 0 0 0 2 0 0 0 2 0 0 4 0 4 0 4 3 0 5 5 0 1 1 3 0 1 3 0 0 0 0 2 0 0 0 3 3 1 2 
0 2 0 4 0 0 3 5 0 0 2 0 0 0 4 0 1 4 2 0 5 2 0 1 0 4 0 2 0 4 0 0 0 1 3 0 0 0 3 0 3 4 5 0 0 4 4 0 5 0 
1 2 3 2 5 2 0 3 2 5 3 0 3 5 0 1 2 0 0 0 4 0 0 0 2 5 0 0 2 0 0 0 0 3 0 0 1 0 0 1 0 4 2 0 5 4 4 0 0 4 
1 0 0 0 4 1 3 0 0 0 0 0 2 0 0 0 0 0 0 3 3 3 5 0 3 0 0 1 0 0 4 3 0 0 0 0 2 4 0 3 4 0 3 4 1 0 4 0 5 1 
1 0 0 0 2 0 0 3 0 0 0 5 0 0 0 4 2 0 0 1 0 5 1 5 0 5 3 0 0 0 0 0 0 4 0 0 1 0 0 2 4 2 4 0 1 4 4 5 0 0 

=============================================
0 0 0 4 0 0 3 3 2 0 4 0 0 0 4 3 3 5 0 4 1 4 5 0 0 3 4 0 0 3 3 0 0 3 0 0 0 1 2 0 4 0 0 4 0 3 0 0 3 1 
3 0 0 3 4 5 0 3 0 0 5 1 1 4 3 0 0 0 4 0 0 1 4 0 2 1 4 0 0 5 1 0 0 2 3 3 0 0 4 3 0 3 0 0 0 0 1 2 4 2 
0 0 1 0 1 3 0 0 1 0 0 0 0 2 0 0 0 0 0 4 0 0 2 1 2 1 3 1 3 0 5 0 4 0 0 0 0 0 3 0 3 0 4 2 0 4 0 3 0 3 
0 3 0 2 0 3 0 3 0 1 0 0 5 1 4 0 0 3 4 0 0 4 4 1 4 0 4 0 1 0 2 0 3 0 3 0 1 0 0 0 1 1 0 0 4 0 0 0 2 4 
0 0 0 3 4 3 0 5 0 1 0 0 0 0 0 0 2 0 0 0 0 0 0 0 4 2 1 5 0 2 5 0 0 0 0 0 5 0 1 0 4 0 5 1 0 2 4 0 3 4 
3 5 0 2 0 0 3 0 0 0 3 0 2 0 3 1 2 2 3 0 0 0 2 2 3 0 5 2 5 0 4 2 0 0 4 0 5 5 3 0 2 2 4 0 1 0 0 3 0 0 
3 0 0 1 4 0 5 5 1 0 0 0 0 0 4 1 0 5 0 0 0 0 2 0 2 3 3 0 1 1 0 0 0 3 2 3 2 4 0 0 4 0 0 5 4 4 0 0 1 4 
0 3 0 5 1 0 0 3 3 0 0 0 4 0 1 0 0 0 5 3 0 1 3 0 5 0 0 2 2 0 0 2 2 1 0 5 0 0 0 0 1 0 0 0 0 2 0 0 0 0 
5 0 1 0 0 2 0 4 0 3 0 0 0 2 0 0 4 3 0 4 3 0 0 0 0 1 0 5 0 5 0 3 1 0 3 1 1 0 0 0 2 5 0 1 2 1 0 3 0 0 
1 0 1 0 5 2 0 2 0 0 0 0 3 5 2 0 0 0 0 2 0 2 3 0 2 0 3 1 0 0 0 1 3 0 4 0 0 0 0 4 3 1 0 5 0 3 3 0 0 5 
0 1 0 3 1 5 0 5 0 5 0 2 4 4 5 0 4 4 1 1 0 5 2 4 0 3 0 2 0 5 0 2 0 3 0 0 2 1 0 0 0 4 0 0 5 0 0 2 2 0 
0 0 0 1 0 4 4 1 1 0 0 0 4 0 1 0 0 0 1 0 3 3 0 5 2 1 4 5 2 5 0 5 2 0 0 2 0 0 1 0 3 0 0 0 0 0 2 0 3 0 
0 5 4 0 2 0 2 0 2 0 4 0 1 0 0 0 0 1 5 4 4 0 0 0 0 0 1 0 4 1 0 2 5 1 5 5 0 0 0 0 1 0 1 0 5 3 5 0 0 0 
1 5 0 0 4 0 0 0 0 0 0 2 3 0 3 3 3 5 0 0 4 0 0 0 4 0 4 3 4 0 0 0 4 0 4 1 4 5 2 0 3 0 5 0 0 0 3 0 0 0 
1 0 4 4 0 3 0 0 1 3 5 0 0 0 1 2 0 0 0 0 0 0 0 0 5 0 3 0 0 3 0 0 4 4 0 0 5 0 0 3 3 0 0 0 3 2 0 0 2 2 
3 0 0 5 3 1 0 1 1 2 3 1 3 0 0 4 1 0 0 0 0 0 0 0 0 0 1 0 2 5 1 0 0 3 0 0 0 1 0 5 0 0 0 1 0 1 3 4 0 0 
5 3 0 0 4 2 4 0 5 0 0 5 0 5 0 2 0 0 2 0 0 4 0 5 3 0 0 0 0 3 0 2 2 0 3 0 3 5 5 1 5 1 0 2 0 0 0 3 0 0 
3 3 0 4 0 3 0 0 0 5 3 0 0 4 3 3 0 0 0 0 4 5 0 3 2 0 0 0 0 3 0 0 0 3 0 3 5 0 0 0 0 2 0 0 5 0 2 2 4 3 
4 2 3 0 5 2 0 0 3 0 0 0 0 0 0 0 0 0 3 0 1 0 0 3 0 3 0 5 1 2 4 0 2 0 0 0 0 3 0 5 3 3 0 0 0 0 0 5 5 4 
5 0 0 4 4 1 5 0 0 0 0 0 0 0 0 1 0 0 4 0 5 0 2 5 0 1 0 0 0 1 1 3 3 5 2 2 2 5 4 0 5 0 0 5 3 0 0 0 2 0 
0 0 5 2 0 0 5 0 4 4 0 0 3 3 0 1 2 0 3 2 5 1 0 4 3 1 0 0 0 1 0 5 5 1 0 0 0 0 4 0 0 4 2 0 0 0 0 1 3 0 
0 0 5 0 4 0 0 0 1 1 0 0 2 0 5 0 4 0 0 0 0 0 0 0 4 3 0 4 1 5 0 0 0 2 4 5 2 0 5 1 0 5 5 0 0 3 0 0 5 5 
4 0 0 3 0 2 5 0 0 0 5 2 0 0 0 0 2 3 0 4 0 1 2 4 0 0 0 0 0 4 4 3 3 0 1 1 4 0 4 0 4 1 3 1 0 2 4 0 5 5 
1 0 0 0 4 0 0 4 0 5 4 5 0 5 5 4 0 0 5 1 0 0 0 0 0 0 2 0 2 0 1 0 0 2 3 0 5 0 2 3 2 4 0 0 0 1 5 0 0 0 
0 2 0 0 0 0 0 5 0 3 2 5 2 0 4 0 1 0 2 5 0 2 0 4 5 1 0 2 0 3 4 0 3 4 0 0 2 0 4 5 0 0 0 3 0 3 0 1 5 0 
4 0 0 3 0 4 0 0 0 0 4 3 0 4 5 1 1 4 1 1 0 1 0 2 0 2 0 0 0 3 5 5 0 0 1 0 4 2 0 0 1 0 0 0 0 5 0 0 0 0 
0 0 0 0 1 1 0 0 0 4 2 0 3 3 0 0 0 5 0 4 0 3 0 1 2 0 4 4 1 0 4 0 0 2 3 0 5 0 1 0 2 0 0 0 0 0 0 0 1 0 
4 0 1 3 2 0 0 5 1 0 3 2 3 4 0 0 0 1 0 0 0 0 3 0 1 0 1 0 5 0 0 0 0 0 0 1 2 0 0 2 5 3 0 0 0 2 0 2 0 2 
0 0 0 0 1 0 3 1 0 3 0 1 0 0 2 4 2 4 0 0 2 0 1 0 0 2 0 4 0 0 0 2 5 4 0 5 1 0 0 0 3 4 0 0 0 3 5 0 0 3 
0 0 2 4 4 2 0 2 0 3 5 0 0 3 3 0 4 0 4 0 1 0 0 0 4 0 0 0 0 0 3 0 5 2 0 1 0 0 0 2 1 0 4 4 0 0 0 0 1 3 
4 0 0 2 4 4 0 2 0 4 4 4 2 2 4 0 0 1 0 4 5 0 4 3 0 0 0 3 4 3 5 4 0 5 0 5 0 0 4 0 5 0 0 0 4 1 3 4 0 0 
0 2 0 1 0 1 0 2 5 0 5 4 2 3 0 3 3 0 0 0 2 0 2 0 5 0 0 3 1 0 0 1 4 3 3 0 1 0 4 5 2 1 0 2 0 0 2 3 0 0 
3 0 2 0 0 1 0 5 0 0 0 1 0 1 4 5 5 0 0 0 0 0 0 0 0 4 0 5 0 0 2 0 5 3 1 5 4 0 0 0 0 0 0 0 0 2 0 2 1 0 
3 3 2 0 1 5 0 0 1 4 0 0 0 3 0 1 0 4 5 0 0 0 5 1 0 1 2 0 0 0 0 0 0 0 4 0 0 1 5 0 5 0 2 0 0 0 0 3 3 1 
0 0 5 0 0 3 0 0 0 2 0 2 0 2 0 0 1 0 1 0 0 5 3 0 0 0 4 0 1 0 0 1 0 0 2 2 0 4 3 2 0 1 0 0 5 0 0 2 1 2 
0 4 3 0 0 0 0 0 1 0 0 0 1 0 3 5 5 0 3 2 2 1 4 1 0 4 3 0 2 2 0 0 0 0 0 0 0 3 4 5 4 0 2 0 0 0 0 0 3 1 
3 0 0 0 0 2 0 3 4 5 0 0 0 3 3 4 0 0 0 0 4 2 0 0 0 3 0 0 4 0 0 0 1 3 1 1 0 0 1 3 4 0 0 5 0 0 0 0 0 5 
0 1 0 0 0 4 0 1 0 0 0 0 0 3 0 1 0 5 0 4 5 0 2 3 0 4 5 4 0 3 0 5 5 1 0 0 2 5 0 0 2 2 2 1 4 1 0 3 0 0 
2 5 3 3 2 1 4 5 0 0 0 4 0 0 5 0 0 0 0 4 3 2 1 3 4 0 4 4 5 0 5 0 0 1 0 4 5 1 0 0 0 0 0 0 1 0 0 0 0 3 
0 0 0 3 2 4 0 0 0 0 0 2 5 0 0 5 4 5 0 0 5 0 0 0 0 0 4 1 0 1 0 3 4 4 4 3 0 4 3 3 0 3 1 1 0 3 0 0 0 0 
5 0 0 0 1 3 1 0 1 0 3 0 2 3 0 0 5 0 0 0 1 0 0 4 5 0 0 3 0 0 0 0 3 0 0 1 0 0 1 0 3 1 0 1 4 0 0 2 0 1 
5 0 0 0 5 1 2 0 4 0 3 5 4 0 0 0 0 0 4 0 1 0 0 3 0 2 0 4 4 5 5 4 0 0 1 2 5 3 0 3 5 1 2 1 0 2 0 0 0 0 
4 0 2 4 4 0 2 1 3 0 0 5 5 0 0 0 3 2 0 2 0 5 3 0 4 5 0 0 0 0 0 0 5 0 0 1 3 2 4 0 0 1 2 0 4 2 0 0 5 1 
0 0 0 1 0 0 0 0 0 1 2 3 1 1 0 4 5 0 0 1 5 3 0 0 0 0 0 0 1 1 5 0 3 1 3 0 4 3 0 0 0 1 0 3 0 0 0 0 0 0 
5 5 3 2 0 4 5 0 0 0 0 2 0 3 0 2 3 2 0 0 4 0 3 0 0 3 1 0 3 5 4 0 5 0 5 0 4 3 0 0 3 0 0 5 0 0 0 0 0 4 
2 1 0 0 2 0 3 0 0 4 5 0 0 0 0 2 0 0 0 2 0 0 4 0 4 0 4 3 0 5 5 0 1 1 3 0 1 3 0 0 0 0 2 0 0 0 3 3 1 2 
0 2 0 4 0 0 3 5 0 0 2 0 0 0 4 0 1 4 2 0 5 2 0 1 0 4 0 2 0 4 0 0 0 1 3 0 0 0 3 0 3 4 5 0 0 4 4 0 5 0 
1 2 3 2 5 2 0 3 2 5 3 0 3 5 0 1 2 0 0 0 4 0 0 0 2 5 0 0 2 0 0 0 0 3 0 0 1 0 0 1 0 4 2 0 5 4 4 0 0 4 
1 0 0 0 4 1 3 0 0 0 0 0 2 0 0 0 0 0 0 3 3 3 5 0 3 0 0 1 0 0 4 3 0 0 0 0 2 4 0 3 4 0 3 4 1 0 4 0 5 1 
1 0 0 0 2 0 0 3 0 0 0 5 0 0 0 4 2 0 0 1 0 5 1 5 0 5 3 0 0 0 0 0 0 4 0 0 1 0 0 2 4 2 4 0 1 4 4 5 0 0 

=============================================

A:
 4 3 3 2 4 4 3 3 5 4 1 4 5 3 4 3 3 3 1 2 4 4 3 3 1 3 3 4 5 3 5 1 1 4 3 4 1 4 2 1 4 5 1 2 3 3 4 3 3 1 2 4 2 1 1 3 1 2 4 2 1 2 1 3 1 3 5 4 3 3 4 2 4 3 3 3 2 3 3 1 5 1 4 3 4 4 4 1 4 4 1 2 3 3 1 1 1 4 2 4 3 4 3 5 1 2 4 2 1 5 2 5 5 1 4 5 1 2 4 3 4 3 5 2 3 3 2 3 1 2 2 3 2 2 3 5 2 5 4 2 4 5 5 3 2 2 4 1 3 3 1 4 5 5 1 4 1 5 2 2 3 3 1 1 3 2 3 2 4 4 5 4 4 1 4 3 5 1 3 3 4 1 5 3 1 3 5 2 2 2 2 1 5 1 2 5 1 2 4 3 2 4 3 4 3 1 5 5 3 1 3 1 1 2 5 1 2 1 3 1 1 5 2 2 3 5 2 2 2 3 2 3 1 1 3 4 4 3 1 5 3 3 5 1 3 1 5 5 5 2 4 4 5 4 4 1 1 5 2 4 3 2 5 2 3 2 1 4 5 2 2 1 4 4 1 1 4 1 1 3 3 5 2 1 4 5 2 5 5 2 2 1 3 2 3 5 4 2 2 2 4 1 1 5 4 4 1 4 1 2 5 1 5 5 1 1 5 3 5 1 5 4 2 3 3 3 3 5 4 4 4 3 4 4 4 1 4 5 2 3 5 3 1 4 4 3 1 3 5 1 2 5 3 3 4 4 5 3 3 3 2 2 2 3 5 3 1 1 1 2 3 1 3 4 1 1 2 5 1 3 1 5 1 1 3 4 5 3 4 2 4 5 5 5 2 2 4 5 3 3 2 2 3 3 5 5 1 5 1 2 3 3 3 4 3 5 3 4 3 3 4 5 3 2 3 3 3 5 2 5 2 2 4 3 4 2 3 5 2 3 3 1 3 3 5 1 2 4 2 3 5 3 3 5 5 4 5 4 4 1 5 1 4 5 2 5 1 1 1 3 3 5 2 2 2 5 4 5 5 3 2 5 2 5 4 4 3 3 1 2 3 2 5 1 4 3 1 1 5 5 1 4 4 2 1 3 5 4 1 1 2 5 4 4 3 4 1 5 2 4 5 2 5 1 5 5 3 5 5 4 3 2 5 5 2 2 3 4 1 2 4 4 4 3 3 1 1 4 4 4 1 3 1 2 4 5 5 1 4 4 5 4 5 5 5 4 5 1 2 2 1 2 3 5 2 3 2 4 1 5 2 5 3 2 5 2 4 1 2 5 2 4 5 1 2 3 4 3 4 2 4 5 3 3 1 5 4 3 4 4 3 4 5 1 1 4 1 1 1 2 2 3 5 5 1 4 2 1 5 1 1 4 2 3 3 5 4 3 1 2 4 4 1 4 2 3 5 1 2 1 4 1 3 2 5 1 3 2 3 4 1 3 1 1 5 1 2 2 5 3 2 2 2 1 3 1 3 1 2 4 2 4 2 1 2 4 2 5 4 5 1 3 4 3 5 3 2 4 4 2 2 3 5 3 3 4 4 1 4 3 5 2 1 2 1 4 4 1 3 4 2 4 4 2 4 4 4 2 2 4 1 4 5 4 3 3 4 3 5 4 5 5 4 5 4 1 3 4 2 1 1 2 5 5 4 2 3 3 3 2 2 5 3 1 1 4 3 3 1 4 5 2 1 2 2 3 3 2 1 5 1 1 4 5 5 4 5 2 5 3 1 5 4 2 2 1 3 3 2 1 5 1 4 3 1 4 5 5 1 1 2 4 1 5 5 2 3 3 1 5 3 2 2 2 1 1 5 3 4 1 1 2 2 4 3 2 1 5 2 1 2 4 3 1 1 3 5 5 3 2 2 1 4 1 4 3 2 2 3 4 5 4 2 3 1 3 2 3 4 5 3 3 4 4 2 3 4 1 3 1 1 1 3 4 5 5 1 4 1 3 1 5 4 5 2 3 4 5 4 3 5 5 1 2 5 2 2 2 1 4 1 3 2 5 3 3 2 1 4 5 4 5 4 3 2 1 3 4 4 4 5 5 1 4 5 1 1 3 3 2 4 2 5 5 4 5 5 4 1 1 3 4 4 4 3 4 3 3 3 1 1 3 5 1 3 1 1 3 2 3 5 1 4 5 3 3 1 1 3 1 1 4 2 1 5 5 1 2 4 3 5 4 4 1 3 2 4 4 5 5 4 1 2 5 3 3 5 1 2 1 2 4 2 4 4 2 1 3 5 5 3 2 2 5 3 4 5 5 1 3 2 4 1 2 4 2 5 1 1 1 2 3 1 1 4 5 1 5 3 1 1 5 3 1 3 4 3 1 3 5 5 3 2 4 5 2 3 2 3 2 4 3 3 1 3 5 4 5 5 4 3 3 5 4 2 1 2 3 4 5 2 2 4 4 4 3 5 5 1 1 3 1 3 2 3 3 1 2 2 4 3 5 2 4 1 4 2 5 2 1 4 2 4 1 3 3 3 4 5 4 4 5 1 2 3 2 5 2 3 2 5 3 3 5 1 2 4 2 5 2 3 1 1 4 2 5 4 4 4 1 4 1 3 2 3 3 3 5 3 1 4 3 2 4 3 4 3 4 1 4 5 1 1 2 3 5 4 2 1 5 1 5 5 3 4 1 2 4 2 4 1 4 4 5 
JA:
 3 6 7 8 10 14 15 16 17 19 20 21 22 25 26 29 30 33 37 38 40 43 45 48 49 0 3 4 5 7 10 11 12 13 14 18 21 22 24 25 26 29 30 33 34 35 38 39 41 46 47 48 49 2 4 5 8 13 19 22 23 24 25 26 27 28 30 32 38 40 42 43 45 47 49 1 3 5 7 9 12 13 14 17 18 21 22 23 24 26 28 30 32 34 36 40 41 44 48 49 3 4 5 7 9 16 24 25 26 27 29 30 36 38 40 42 43 45 46 48 49 0 1 3 6 10 12 14 15 16 17 18 22 23 24 26 27 28 30 31 34 36 37 38 40 41 42 44 47 0 3 4 6 7 8 14 15 17 22 24 25 26 28 29 33 34 35 36 37 40 43 44 45 48 49 1 3 4 7 8 12 14 18 19 21 22 24 27 28 31 32 33 35 40 45 0 2 5 7 9 13 16 17 19 20 25 27 29 31 32 34 35 36 40 41 43 44 45 47 0 2 4 5 7 12 13 14 19 21 22 24 26 27 31 32 34 39 40 41 43 45 46 49 1 3 4 5 7 9 11 12 13 14 16 17 18 19 21 22 23 25 27 29 31 33 36 37 41 44 47 48 3 5 6 7 8 12 14 18 20 21 23 24 25 26 27 28 29 31 32 35 38 40 46 48 1 2 4 6 8 10 12 17 18 19 20 26 28 29 31 32 33 34 35 40 42 44 45 46 0 1 4 11 12 14 15 16 17 20 24 26 27 28 32 34 35 36 37 38 40 42 46 0 2 3 5 8 9 10 14 15 24 26 29 32 33 36 39 40 44 45 48 49 0 3 4 5 7 8 9 10 11 12 15 16 26 28 29 30 33 37 39 43 45 46 47 0 1 4 5 6 8 11 13 15 18 21 23 24 29 31 32 34 36 37 38 39 40 41 43 47 0 1 3 5 9 10 13 14 15 20 21 23 24 29 33 35 36 41 44 46 47 48 49 0 1 2 4 5 8 18 20 23 25 27 28 29 30 32 37 39 40 41 47 48 49 0 3 4 5 6 15 18 20 22 23 25 29 30 31 32 33 34 35 36 37 38 40 43 44 48 2 3 6 8 9 12 13 15 16 18 19 20 21 23 24 25 29 31 32 33 38 41 42 47 48 2 4 8 9 12 14 16 24 25 27 28 29 33 34 35 36 38 39 41 42 45 48 49 0 3 5 6 10 11 16 17 19 21 22 23 29 30 31 32 34 35 36 38 40 41 42 43 45 46 48 49 0 4 7 9 10 11 13 14 15 18 19 26 28 30 33 34 36 38 39 40 41 45 46 1 7 9 10 11 12 14 16 18 19 21 23 24 25 27 29 30 32 33 36 38 39 43 45 47 48 0 3 5 10 11 13 14 15 16 17 18 19 21 23 25 29 30 31 34 36 37 40 45 4 5 9 10 12 13 17 19 21 23 24 26 27 28 30 33 34 36 38 40 48 0 2 3 4 7 8 10 11 12 13 17 22 24 26 28 35 36 39 40 41 45 47 49 4 6 7 9 11 14 15 16 17 20 22 25 27 31 32 33 35 36 40 41 45 46 49 2 3 4 5 7 9 10 13 14 16 18 20 24 30 32 33 35 39 40 42 43 48 49 0 3 4 5 7 9 10 11 12 13 14 17 19 20 22 23 27 28 29 30 31 33 35 38 40 44 45 46 47 1 3 5 7 8 10 11 12 13 15 16 20 22 24 27 28 31 32 33 34 36 38 39 40 41 43 46 47 0 2 5 7 11 13 14 15 16 25 27 30 32 33 34 35 36 45 47 48 0 1 2 4 5 8 9 13 15 17 18 22 23 25 26 34 37 38 40 42 47 48 49 2 5 9 11 13 16 18 21 22 26 28 31 34 35 37 38 39 41 44 47 48 49 1 2 8 12 14 15 16 18 19 20 21 22 23 25 26 28 29 37 38 39 40 42 48 49 0 5 7 8 9 13 14 15 20 21 25 28 32 33 34 35 38 39 40 43 49 1 5 7 13 15 17 19 20 22 23 25 26 27 29 31 32 33 36 37 40 41 42 43 44 45 47 0 1 2 3 4 5 6 7 11 14 19 20 21 22 23 24 26 27 28 30 33 35 36 37 44 49 3 4 5 11 12 15 16 17 20 26 27 29 31 32 33 34 35 37 38 39 41 42 43 45 0 4 5 6 8 10 12 13 16 20 23 24 27 32 35 38 40 41 43 44 47 49 0 4 5 6 8 10 11 12 18 20 23 25 27 28 29 30 31 34 35 36 37 39 40 41 42 43 45 0 2 3 4 6 7 8 11 12 16 17 19 21 22 24 25 32 35 36 37 38 41 42 44 45 48 49 3 9 10 11 12 13 15 16 19 20 21 28 29 30 32 33 34 36 37 41 43 0 1 2 3 5 6 11 13 15 16 17 20 22 25 26 28 29 30 32 34 36 37 40 43 49 0 1 4 6 9 10 15 19 22 24 26 27 29 30 32 33 34 36 37 42 46 47 48 49 1 3 6 7 10 14 16 17 18 20 21 23 25 27 29 33 34 38 40 41 42 45 46 48 0 1 2 3 4 5 7 8 9 10 12 13 15 16 20 24 25 28 33 36 39 41 42 44 45 46 49 0 4 5 6 12 19 20 21 22 24 27 30 31 36 37 39 40 42 43 44 46 48 49 0 4 7 11 15 16 19 21 22 23 25 26 33 36 39 40 41 42 44 45 46 47 
Nk:
 0 25 53 75 100 121 149 175 195 219 243 271 295 319 342 363 386 411 434 456 481 506 529 557 580 606 629 650 673 696 719 748 776 796 819 841 865 886 912 938 962 984 1011 1038 1059 1084 1108 1132 1159 1182 
=============================================

A:
 4 3 3 2 4 4 3 3 5 4 1 4 5 3 4 3 3 3 1 2 4 4 3 3 1 3 3 4 5 3 5 1 1 4 3 4 1 4 2 1 4 5 1 2 3 3 4 3 3 1 2 4 2 1 1 3 1 2 4 2 1 2 1 3 1 3 5 4 3 3 4 2 4 3 3 3 2 3 3 1 5 1 4 3 4 4 4 1 4 4 1 2 3 3 1 1 1 4 2 4 3 4 3 5 1 2 4 2 1 5 2 5 5 1 4 5 1 2 4 3 4 3 5 2 3 3 2 3 1 2 2 3 2 2 3 5 2 5 4 2 4 5 5 3 2 2 4 1 3 3 1 4 5 5 1 4 1 5 2 2 3 3 1 1 3 2 3 2 4 4 5 4 4 1 4 3 5 1 3 3 4 1 5 3 1 3 5 2 2 2 2 1 5 1 2 5 1 2 4 3 2 4 3 4 3 1 5 5 3 1 3 1 1 2 5 1 2 1 3 1 1 5 2 2 3 5 2 2 2 3 2 3 1 1 3 4 4 3 1 5 3 3 5 1 3 1 5 5 5 2 4 4 5 4 4 1 1 5 2 4 3 2 5 2 3 2 1 4 5 2 2 1 4 4 1 1 4 1 1 3 3 5 2 1 4 5 2 5 5 2 2 1 3 2 3 5 4 2 2 2 4 1 1 5 4 4 1 4 1 2 5 1 5 5 1 1 5 3 5 1 5 4 2 3 3 3 3 5 4 4 4 3 4 4 4 1 4 5 2 3 5 3 1 4 4 3 1 3 5 1 2 5 3 3 4 4 5 3 3 3 2 2 2 3 5 3 1 1 1 2 3 1 3 4 1 1 2 5 1 3 1 5 1 1 3 4 5 3 4 2 4 5 5 5 2 2 4 5 3 3 2 2 3 3 5 5 1 5 1 2 3 3 3 4 3 5 3 4 3 3 4 5 3 2 3 3 3 5 2 5 2 2 4 3 4 2 3 5 2 3 3 1 3 3 5 1 2 4 2 3 5 3 3 5 5 4 5 4 4 1 5 1 4 5 2 5 1 1 1 3 3 5 2 2 2 5 4 5 5 3 2 5 2 5 4 4 3 3 1 2 3 2 5 1 4 3 1 1 5 5 1 4 4 2 1 3 5 4 1 1 2 5 4 4 3 4 1 5 2 4 5 2 5 1 5 5 3 5 5 4 3 2 5 5 2 2 3 4 1 2 4 4 4 3 3 1 1 4 4 4 1 3 1 2 4 5 5 1 4 4 5 4 5 5 5 4 5 1 2 2 1 2 3 5 2 3 2 4 1 5 2 5 3 2 5 2 4 1 2 5 2 4 5 1 2 3 4 3 4 2 4 5 3 3 1 5 4 3 4 4 3 4 5 1 1 4 1 1 1 2 2 3 5 5 1 4 2 1 5 1 1 4 2 3 3 5 4 3 1 2 4 4 1 4 2 3 5 1 2 1 4 1 3 2 5 1 3 2 3 4 1 3 1 1 5 1 2 2 5 3 2 2 2 1 3 1 3 1 2 4 2 4 2 1 2 4 2 5 4 5 1 3 4 3 5 3 2 4 4 2 2 3 5 3 3 4 4 1 4 3 5 2 1 2 1 4 4 1 3 4 2 4 4 2 4 4 4 2 2 4 1 4 5 4 3 3 4 3 5 4 5 5 4 5 4 1 3 4 2 1 1 2 5 5 4 2 3 3 3 2 2 5 3 1 1 4 3 3 1 4 5 2 1 2 2 3 3 2 1 5 1 1 4 5 5 4 5 2 5 3 1 5 4 2 2 1 3 3 2 1 5 1 4 3 1 4 5 5 1 1 2 4 1 5 5 2 3 3 1 5 3 2 2 2 1 1 5 3 4 1 1 2 2 4 3 2 1 5 2 1 2 4 3 1 1 3 5 5 3 2 2 1 4 1 4 3 2 2 3 4 5 4 2 3 1 3 2 3 4 5 3 3 4 4 2 3 4 1 3 1 1 1 3 4 5 5 1 4 1 3 1 5 4 5 2 3 4 5 4 3 5 5 1 2 5 2 2 2 1 4 1 3 2 5 3 3 2 1 4 5 4 5 4 3 2 1 3 4 4 4 5 5 1 4 5 1 1 3 3 2 4 2 5 5 4 5 5 4 1 1 3 4 4 4 3 4 3 3 3 1 1 3 5 1 3 1 1 3 2 3 5 1 4 5 3 3 1 1 3 1 1 4 2 1 5 5 1 2 4 3 5 4 4 1 3 2 4 4 5 5 4 1 2 5 3 3 5 1 2 1 2 4 2 4 4 2 1 3 5 5 3 2 2 5 3 4 5 5 1 3 2 4 1 2 4 2 5 1 1 1 2 3 1 1 4 5 1 5 3 1 1 5 3 1 3 4 3 1 3 5 5 3 2 4 5 2 3 2 3 2 4 3 3 1 3 5 4 5 5 4 3 3 5 4 2 1 2 3 4 5 2 2 4 4 4 3 5 5 1 1 3 1 3 2 3 3 1 2 2 4 3 5 2 4 1 4 2 5 2 1 4 2 4 1 3 3 3 4 5 4 4 5 1 2 3 2 5 2 3 2 5 3 3 5 1 2 4 2 5 2 3 1 1 4 2 5 4 4 4 1 4 1 3 2 3 3 3 5 3 1 4 3 2 4 3 4 3 4 1 4 5 1 1 2 3 5 4 2 1 5 1 5 5 3 4 1 2 4 2 4 1 4 4 5 
JA:
 3 6 7 8 10 14 15 16 17 19 20 21 22 25 26 29 30 33 37 38 40 43 45 48 49 0 3 4 5 7 10 11 12 13 14 18 21 22 24 25 26 29 30 33 34 35 38 39 41 46 47 48 49 2 4 5 8 13 19 22 23 24 25 26 27 28 30 32 38 40 42 43 45 47 49 1 3 5 7 9 12 13 14 17 18 21 22 23 24 26 28 30 32 34 36 40 41 44 48 49 3 4 5 7 9 16 24 25 26 27 29 30 36 38 40 42 43 45 46 48 49 0 1 3 6 10 12 14 15 16 17 18 22 23 24 26 27 28 30 31 34 36 37 38 40 41 42 44 47 0 3 4 6 7 8 14 15 17 22 24 25 26 28 29 33 34 35 36 37 40 43 44 45 48 49 1 3 4 7 8 12 14 18 19 21 22 24 27 28 31 32 33 35 40 45 0 2 5 7 9 13 16 17 19 20 25 27 29 31 32 34 35 36 40 41 43 44 45 47 0 2 4 5 7 12 13 14 19 21 22 24 26 27 31 32 34 39 40 41 43 45 46 49 1 3 4 5 7 9 11 12 13 14 16 17 18 19 21 22 23 25 27 29 31 33 36 37 41 44 47 48 3 5 6 7 8 12 14 18 20 21 23 24 25 26 27 28 29 31 32 35 38 40 46 48 1 2 4 6 8 10 12 17 18 19 20 26 28 29 31 32 33 34 35 40 42 44 45 46 0 1 4 11 12 14 15 16 17 20 24 26 27 28 32 34 35 36 37 38 40 42 46 0 2 3 5 8 9 10 14 15 24 26 29 32 33 36 39 40 44 45 48 49 0 3 4 5 7 8 9 10 11 12 15 16 26 28 29 30 33 37 39 43 45 46 47 0 1 4 5 6 8 11 13 15 18 21 23 24 29 31 32 34 36 37 38 39 40 41 43 47 0 1 3 5 9 10 13 14 15 20 21 23 24 29 33 35 36 41 44 46 47 48 49 0 1 2 4 5 8 18 20 23 25 27 28 29 30 32 37 39 40 41 47 48 49 0 3 4 5 6 15 18 20 22 23 25 29 30 31 32 33 34 35 36 37 38 40 43 44 48 2 3 6 8 9 12 13 15 16 18 19 20 21 23 24 25 29 31 32 33 38 41 42 47 48 2 4 8 9 12 14 16 24 25 27 28 29 33 34 35 36 38 39 41 42 45 48 49 0 3 5 6 10 11 16 17 19 21 22 23 29 30 31 32 34 35 36 38 40 41 42 43 45 46 48 49 0 4 7 9 10 11 13 14 15 18 19 26 28 30 33 34 36 38 39 40 41 45 46 1 7 9 10 11 12 14 16 18 19 21 23 24 25 27 29 30 32 33 36 38 39 43 45 47 48 0 3 5 10 11 13 14 15 16 17 18 19 21 23 25 29 30 31 34 36 37 40 45 4 5 9 10 12 13 17 19 21 23 24 26 27 28 30 33 34 36 38 40 48 0 2 3 4 7 8 10 11 12 13 17 22 24 26 28 35 36 39 40 41 45 47 49 4 6 7 9 11 14 15 16 17 20 22 25 27 31 32 33 35 36 40 41 45 46 49 2 3 4 5 7 9 10 13 14 16 18 20 24 30 32 33 35 39 40 42 43 48 49 0 3 4 5 7 9 10 11 12 13 14 17 19 20 22 23 27 28 29 30 31 33 35 38 40 44 45 46 47 1 3 5 7 8 10 11 12 13 15 16 20 22 24 27 28 31 32 33 34 36 38 39 40 41 43 46 47 0 2 5 7 11 13 14 15 16 25 27 30 32 33 34 35 36 45 47 48 0 1 2 4 5 8 9 13 15 17 18 22 23 25 26 34 37 38 40 42 47 48 49 2 5 9 11 13 16 18 21 22 26 28 31 34 35 37 38 39 41 44 47 48 49 1 2 8 12 14 15 16 18 19 20 21 22 23 25 26 28 29 37 38 39 40 42 48 49 0 5 7 8 9 13 14 15 20 21 25 28 32 33 34 35 38 39 40 43 49 1 5 7 13 15 17 19 20 22 23 25 26 27 29 31 32 33 36 37 40 41 42 43 44 45 47 0 1 2 3 4 5 6 7 11 14 19 20 21 22 23 24 26 27 28 30 33 35 36 37 44 49 3 4 5 11 12 15 16 17 20 26 27 29 31 32 33 34 35 37 38 39 41 42 43 45 0 4 5 6 8 10 12 13 16 20 23 24 27 32 35 38 40 41 43 44 47 49 0 4 5 6 8 10 11 12 18 20 23 25 27 28 29 30 31 34 35 36 37 39 40 41 42 43 45 0 2 3 4 6 7 8 11 12 16 17 19 21 22 24 25 32 35 36 37 38 41 42 44 45 48 49 3 9 10 11 12 13 15 16 19 20 21 28 29 30 32 33 34 36 37 41 43 0 1 2 3 5 6 11 13 15 16 17 20 22 25 26 28 29 30 32 34 36 37 40 43 49 0 1 4 6 9 10 15 19 22 24 26 27 29 30 32 33 34 36 37 42 46 47 48 49 1 3 6 7 10 14 16 17 18 20 21 23 25 27 29 33 34 38 40 41 42 45 46 48 0 1 2 3 4 5 7 8 9 10 12 13 15 16 20 24 25 28 33 36 39 41 42 44 45 46 49 0 4 5 6 12 19 20 21 22 24 27 30 31 36 37 39 40 42 43 44 46 48 49 0 4 7 11 15 16 19 21 22 23 25 26 33 36 39 40 41 42 44 45 46 47 
Nk:
 0 25 53 75 100 121 149 175 195 219 243 271 295 319 342 363 386 411 434 456 481 506 529 557 580 606 629 650 673 696 719 748 776 796 819 841 865 886 912 938 962 984 1011 1038 1059 1084 1108 1132 1159 1182 
=============================================
279 
142 
99 
120 
105 
121 
182 
83 
91 
103 
153 
97 
74 
96 
107 
91 
96 
106 
68 
132 
83 
103 
176 
96 
150 
133 
108 
93 
107 
108 
162 
103 
97 
102 
69 
145 
114 
126 
129 
123 
52 
96 
140 
96 
146 
120 
172 
86 
125 
123 

=============================================
=============================================
