=============================================
2 0 4 2 3 3 2 2 5 0 0 4 3 3 5 3 3 2 0 5 5 3 4 2 3 3 2 3 0 1 1 2 3 4 3 4 3 2 3 1 3 1 3 4 5 2 3 1 2 1 
4 0 3 0 2 4 0 3 1 5 2 1 4 3 5 1 4 2 3 3 5 4 3 3 0 0 4 3 2 3 2 2 0 1 2 1 4 0 1 5 0 4 5 2 2 4 2 2 1 2 
1 3 1 3 1 0 3 1 0 2 0 3 1 2 4 2 0 4 0 3 5 3 3 2 3 3 5 1 1 2 5 1 4 1 3 4 0 3 4 1 3 5 4 4 0 0 2 1 1 3 
3 4 1 1 1 0 3 1 0 4 0 4 3 5 0 4 3 0 5 0 1 2 2 0 5 3 0 0 2 3 4 2 1 5 0 2 5 0 0 3 0 5 0 1 0 4 1 5 1 2 
4 0 3 4 3 5 3 3 0 3 3 0 3 3 4 3 1 2 2 3 0 5 2 2 3 0 5 2 5 2 1 3 2 1 5 5 3 4 0 2 4 0 1 0 5 3 1 1 1 4 
3 5 5 1 2 4 3 5 2 5 4 0 0 2 3 3 2 3 1 1 3 5 3 1 4 4 4 0 4 0 0 5 4 4 1 1 4 0 3 0 5 1 5 3 3 4 2 4 1 0 
5 5 3 1 1 5 5 2 2 2 5 2 2 1 0 5 1 2 1 0 3 0 2 2 2 5 0 1 0 0 2 0 4 4 1 0 5 4 5 1 2 4 3 5 2 1 5 3 5 0 
3 1 0 3 1 1 1 3 0 5 1 4 3 1 3 0 0 1 3 0 1 5 4 2 0 1 0 3 5 2 0 0 0 0 2 0 2 3 5 1 3 1 0 2 1 3 0 4 3 0 
2 1 3 1 5 2 2 5 0 5 0 1 0 3 1 5 4 1 5 0 2 4 4 5 4 1 0 1 1 4 0 2 4 1 4 2 0 5 2 1 3 2 2 1 3 0 4 0 0 5 
5 2 2 0 0 2 1 5 3 5 5 0 3 4 0 0 1 5 0 1 3 0 3 0 5 2 1 4 5 2 5 0 5 2 3 2 0 0 1 5 0 2 2 2 4 3 0 0 5 4 
1 5 2 0 2 4 4 1 2 4 1 5 4 4 0 5 0 3 3 4 1 0 2 5 1 5 5 2 1 1 0 1 0 5 3 5 5 0 1 5 0 3 5 0 0 1 0 2 3 3 
4 2 2 4 1 4 3 4 2 5 3 0 2 1 3 4 1 4 5 2 4 5 5 2 5 0 0 2 1 5 4 1 3 0 0 1 3 5 2 0 1 2 2 0 5 4 1 5 3 0 
3 4 5 2 5 0 5 5 3 3 3 0 3 2 5 2 2 3 0 5 2 4 3 1 1 2 3 1 3 1 4 1 0 0 1 4 3 0 1 5 3 0 1 0 0 3 0 0 2 1 
5 0 2 1 0 1 3 4 1 5 3 3 4 2 4 0 5 5 5 0 5 0 2 3 2 1 4 0 5 3 0 1 2 5 2 2 0 3 2 4 2 2 2 1 2 2 0 5 3 0 
2 0 3 0 4 0 3 4 0 5 3 4 4 3 3 4 1 4 5 4 0 2 2 3 3 0 0 2 1 3 5 4 0 0 2 0 5 0 3 0 2 4 3 4 2 3 3 4 4 5 
0 1 0 0 0 3 5 3 2 2 0 3 4 3 5 1 2 4 0 2 1 1 3 2 5 2 5 5 3 5 5 4 5 0 0 4 4 1 5 0 0 1 5 4 1 1 4 0 5 0 
2 5 0 1 5 4 1 5 1 4 3 3 4 2 2 5 5 2 5 3 5 1 5 0 3 4 0 2 5 3 2 2 1 3 4 1 2 2 4 2 1 3 4 3 1 0 0 0 1 0 
5 5 1 0 5 4 0 0 0 4 2 5 0 0 1 3 4 0 5 0 4 0 2 1 1 1 2 0 5 5 0 0 0 4 0 1 4 3 3 3 5 3 0 0 2 4 5 2 0 5 
1 0 5 5 1 3 5 5 5 4 5 3 0 2 5 3 0 5 2 0 3 0 2 3 0 4 5 2 3 4 4 4 4 4 3 3 4 5 0 4 4 4 4 1 3 1 0 2 4 1 
1 0 1 0 0 0 4 5 4 0 5 4 5 0 5 5 4 0 0 5 1 0 1 0 5 2 3 5 1 0 0 2 3 4 0 0 2 3 2 4 0 0 2 0 5 0 0 1 2 0 
1 0 5 3 3 2 5 2 0 4 2 4 2 5 3 5 4 5 1 2 0 5 0 4 1 1 2 0 2 0 4 5 5 4 2 3 4 1 5 4 4 3 2 0 5 0 2 1 1 4 
5 1 1 4 1 1 4 2 2 1 4 3 3 5 5 1 1 0 4 2 2 1 0 0 3 5 0 0 5 5 0 0 1 1 0 0 0 4 2 0 3 3 5 0 5 0 4 2 2 1 
2 0 4 4 1 3 4 1 1 1 5 0 1 3 3 4 1 0 1 1 4 5 2 0 2 2 5 1 2 0 2 3 4 5 4 4 0 2 3 5 1 1 0 5 0 0 0 0 0 0 
1 2 1 2 5 3 3 1 0 3 4 2 3 0 5 5 3 1 4 3 1 0 3 4 2 4 0 0 0 2 1 0 2 2 5 2 0 4 0 5 4 3 0 1 2 1 0 4 0 4 
3 5 5 3 1 2 4 4 2 4 3 3 5 0 2 1 2 4 4 4 1 5 5 5 0 0 5 3 3 1 2 1 4 3 2 5 4 4 0 5 4 4 0 4 0 3 3 5 0 0 
2 3 2 5 0 2 2 4 0 1 2 4 5 2 2 0 5 1 5 1 1 0 4 0 5 5 5 3 0 0 5 0 4 4 1 3 4 1 1 4 1 4 4 2 5 1 2 5 3 4 
3 3 2 1 4 2 0 5 0 4 1 5 5 0 4 3 3 3 5 4 5 2 1 0 2 5 2 3 2 3 2 4 5 4 5 3 0 1 2 1 3 4 1 0 0 4 2 0 4 0 
5 0 3 3 5 3 1 5 4 4 1 1 0 0 2 5 4 0 0 3 3 2 5 0 5 3 1 4 0 4 3 0 1 5 5 0 1 3 5 1 1 2 5 0 3 0 3 1 0 1 
5 1 5 2 1 3 3 3 1 4 5 2 3 2 0 2 0 2 2 4 2 5 1 4 5 3 0 4 4 0 1 3 1 2 2 2 4 2 5 1 1 0 0 5 4 2 1 2 0 4 
3 3 1 0 1 0 5 1 0 3 5 5 0 3 2 2 1 4 1 2 1 4 2 2 0 1 1 0 0 3 4 5 4 0 2 1 1 0 3 1 3 2 2 2 0 3 4 5 0 1 
3 3 4 5 4 4 2 2 3 3 0 4 5 0 1 3 1 1 1 1 3 4 0 5 0 0 5 4 5 0 1 0 1 4 0 1 5 4 0 3 1 5 5 1 1 1 2 3 1 0 
5 4 3 4 5 5 1 2 2 5 5 2 2 2 1 4 1 0 3 0 0 2 5 3 3 2 1 4 5 3 5 4 4 4 3 0 4 3 2 1 3 4 3 5 3 1 5 3 1 4 
0 5 1 0 0 3 5 1 1 0 0 3 0 0 4 4 5 2 0 3 2 3 2 4 2 2 2 3 5 5 4 4 1 0 1 1 3 5 0 4 3 0 4 3 3 3 0 1 1 5 
0 0 0 0 0 5 0 0 2 5 3 1 1 4 5 2 3 0 4 0 2 0 1 2 4 5 0 4 4 0 0 0 3 0 0 1 4 1 1 1 4 1 4 0 4 0 0 1 5 3 
2 0 1 2 3 4 3 5 4 1 3 3 0 3 3 1 0 2 2 4 4 5 5 4 4 1 2 5 3 1 2 5 3 3 1 2 5 0 4 4 2 4 4 2 5 0 3 1 5 5 
5 0 3 2 0 2 3 5 1 4 5 0 2 0 0 4 1 2 0 3 2 4 5 1 2 0 4 2 1 5 1 0 0 3 0 0 0 2 1 1 0 3 1 1 0 4 5 0 3 3 
2 3 1 0 0 4 4 4 4 3 1 3 2 0 3 5 0 1 4 1 0 0 2 2 5 0 3 2 0 4 5 3 1 2 2 1 2 3 2 0 5 1 3 0 1 0 1 3 1 3 
4 5 0 5 2 4 5 0 3 3 5 0 0 5 2 1 1 0 4 2 0 3 0 1 4 1 0 0 2 0 0 3 2 0 3 3 4 0 4 3 2 2 1 1 1 3 3 2 5 0 
1 2 1 3 1 5 0 2 2 2 4 0 3 1 1 5 3 1 4 4 1 5 1 5 2 3 1 4 1 0 0 4 0 4 1 3 0 0 1 5 3 4 5 0 1 5 0 0 5 4 
0 2 3 2 5 2 3 0 2 5 3 1 1 4 1 2 2 2 3 5 2 5 4 2 2 0 2 5 3 0 0 0 1 0 4 2 5 2 3 0 0 0 4 1 1 0 4 1 3 0 
3 3 2 0 0 0 0 4 3 3 3 5 2 2 3 2 4 5 2 1 0 2 4 5 1 2 3 4 1 5 0 0 5 1 1 1 5 3 3 1 0 0 5 1 0 4 2 0 0 1 
0 5 1 5 0 5 3 4 5 3 4 0 0 1 0 0 2 4 2 4 0 1 4 4 5 0 1 0 0 1 1 0 0 5 1 4 1 5 5 1 3 3 4 0 4 0 4 4 0 1 
0 0 3 3 3 3 0 2 0 2 1 4 2 5 0 1 5 0 0 3 0 4 2 1 1 3 3 4 1 3 1 4 4 4 5 2 0 0 4 0 0 3 0 0 0 5 4 2 4 3 
0 2 0 3 4 3 4 1 2 0 1 1 3 3 1 2 2 2 4 0 2 3 3 4 5 1 0 3 5 2 5 0 2 2 4 0 0 2 2 5 0 5 1 1 1 2 2 1 4 0 
1 3 2 4 5 3 3 1 5 1 4 4 5 0 1 0 0 4 4 0 2 5 1 5 0 0 4 1 5 2 1 3 1 5 0 0 0 5 1 3 5 0 5 0 3 2 4 2 3 5 
4 2 0 3 3 0 2 0 3 1 4 0 3 3 2 0 4 3 1 3 0 2 3 4 4 5 4 5 5 4 4 0 3 2 1 0 4 5 0 4 3 4 0 4 4 1 3 0 0 3 
1 1 0 1 5 4 1 2 3 1 5 3 3 2 0 5 0 5 0 3 3 1 5 1 5 5 0 1 3 5 4 5 2 3 1 3 3 5 5 3 3 4 3 3 1 1 5 4 5 1 
2 0 4 2 0 1 3 5 0 2 2 3 2 5 4 5 4 5 3 0 4 4 4 1 0 5 2 2 2 4 3 4 1 3 0 2 5 2 0 0 3 0 4 5 1 5 3 3 0 0 
2 5 5 3 1 0 2 2 5 3 2 0 2 4 1 0 3 3 5 4 0 2 2 2 4 2 5 4 1 2 0 5 3 2 5 0 3 4 1 5 2 2 2 3 2 4 1 2 4 0 
1 1 4 1 2 4 1 1 4 0 5 4 0 5 2 1 3 1 0 4 4 0 1 2 0 2 0 1 4 5 3 5 0 0 5 0 5 1 4 3 0 3 1 4 3 1 4 1 3 0 

=============================================
2 0 4 2 3 3 2 2 5 0 0 4 3 3 5 3 3 2 0 5 5 3 4 2 3 3 2 3 0 1 1 2 3 4 3 4 3 2 3 1 3 1 3 4 5 2 3 1 2 1 
4 0 3 0 2 4 0 3 1 5 2 1 4 3 5 1 4 2 3 3 5 4 3 3 0 0 4 3 2 3 2 2 0 1 2 1 4 0 1 5 0 4 5 2 2 4 2 2 1 2 
1 3 1 3 1 0 3 1 0 2 0 3 1 2 4 2 0 4 0 3 5 3 3 2 3 3 5 1 1 2 5 1 4 1 3 4 0 3 4 1 3 5 4 4 0 0 2 1 1 3 
3 4 1 1 1 0 3 1 0 4 0 4 3 5 0 4 3 0 5 0 1 2 2 0 5 3 0 0 2 3 4 2 1 5 0 2 5 0 0 3 0 5 0 1 0 4 1 5 1 2 
4 0 3 4 3 5 3 3 0 3 3 0 3 3 4 3 1 2 2 3 0 5 2 2 3 0 5 2 5 2 1 3 2 1 5 5 3 4 0 2 4 0 1 0 5 3 1 1 1 4 
3 5 5 1 2 4 3 5 2 5 4 0 0 2 3 3 2 3 1 1 3 5 3 1 4 4 4 0 4 0 0 5 4 4 1 1 4 0 3 0 5 1 5 3 3 4 2 4 1 0 
5 5 3 1 1 5 5 2 2 2 5 2 2 1 0 5 1 2 1 0 3 0 2 2 2 5 0 1 0 0 2 0 4 4 1 0 5 4 5 1 2 4 3 5 2 1 5 3 5 0 
3 1 0 3 1 1 1 3 0 5 1 4 3 1 3 0 0 1 3 0 1 5 4 2 0 1 0 3 5 2 0 0 0 0 2 0 2 3 5 1 3 1 0 2 1 3 0 4 3 0 
2 1 3 1 5 2 2 5 0 5 0 1 0 3 1 5 4 1 5 0 2 4 4 5 4 1 0 1 1 4 0 2 4 1 4 2 0 5 2 1 3 2 2 1 3 0 4 0 0 5 
5 2 2 0 0 2 1 5 3 5 5 0 3 4 0 0 1 5 0 1 3 0 3 0 5 2 1 4 5 2 5 0 5 2 3 2 0 0 1 5 0 2 2 2 4 3 0 0 5 4 
1 5 2 0 2 4 4 1 2 4 1 5 4 4 0 5 0 3 3 4 1 0 2 5 1 5 5 2 1 1 0 1 0 5 3 5 5 0 1 5 0 3 5 0 0 1 0 2 3 3 
4 2 2 4 1 4 3 4 2 5 3 0 2 1 3 4 1 4 5 2 4 5 5 2 5 0 0 2 1 5 4 1 3 0 0 1 3 5 2 0 1 2 2 0 5 4 1 5 3 0 
3 4 5 2 5 0 5 5 3 3 3 0 3 2 5 2 2 3 0 5 2 4 3 1 1 2 3 1 3 1 4 1 0 0 1 4 3 0 1 5 3 0 1 0 0 3 0 0 2 1 
5 0 2 1 0 1 3 4 1 5 3 3 4 2 4 0 5 5 5 0 5 0 2 3 2 1 4 0 5 3 0 1 2 5 2 2 0 3 2 4 2 2 2 1 2 2 0 5 3 0 
2 0 3 0 4 0 3 4 0 5 3 4 4 3 3 4 1 4 5 4 0 2 2 3 3 0 0 2 1 3 5 4 0 0 2 0 5 0 3 0 2 4 3 4 2 3 3 4 4 5 
0 1 0 0 0 3 5 3 2 2 0 3 4 3 5 1 2 4 0 2 1 1 3 2 5 2 5 5 3 5 5 4 5 0 0 4 4 1 5 0 0 1 5 4 1 1 4 0 5 0 
2 5 0 1 5 4 1 5 1 4 3 3 4 2 2 5 5 2 5 3 5 1 5 0 3 4 0 2 5 3 2 2 1 3 4 1 2 2 4 2 1 3 4 3 1 0 0 0 1 0 
5 5 1 0 5 4 0 0 0 4 2 5 0 0 1 3 4 0 5 0 4 0 2 1 1 1 2 0 5 5 0 0 0 4 0 1 4 3 3 3 5 3 0 0 2 4 5 2 0 5 
1 0 5 5 1 3 5 5 5 4 5 3 0 2 5 3 0 5 2 0 3 0 2 3 0 4 5 2 3 4 4 4 4 4 3 3 4 5 0 4 4 4 4 1 3 1 0 2 4 1 
1 0 1 0 0 0 4 5 4 0 5 4 5 0 5 5 4 0 0 5 1 0 1 0 5 2 3 5 1 0 0 2 3 4 0 0 2 3 2 4 0 0 2 0 5 0 0 1 2 0 
1 0 5 3 3 2 5 2 0 4 2 4 2 5 3 5 4 5 1 2 0 5 0 4 1 1 2 0 2 0 4 5 5 4 2 3 4 1 5 4 4 3 2 0 5 0 2 1 1 4 
5 1 1 4 1 1 4 2 2 1 4 3 3 5 5 1 1 0 4 2 2 1 0 0 3 5 0 0 5 5 0 0 1 1 0 0 0 4 2 0 3 3 5 0 5 0 4 2 2 1 
2 0 4 4 1 3 4 1 1 1 5 0 1 3 3 4 1 0 1 1 4 5 2 0 2 2 5 1 2 0 2 3 4 5 4 4 0 2 3 5 1 1 0 5 0 0 0 0 0 0 
1 2 1 2 5 3 3 1 0 3 4 2 3 0 5 5 3 1 4 3 1 0 3 4 2 4 0 0 0 2 1 0 2 2 5 2 0 4 0 5 4 3 0 1 2 1 0 4 0 4 
3 5 5 3 1 2 4 4 2 4 3 3 5 0 2 1 2 4 4 4 1 5 5 5 0 0 5 3 3 1 2 1 4 3 2 5 4 4 0 5 4 4 0 4 0 3 3 5 0 0 
2 3 2 5 0 2 2 4 0 1 2 4 5 2 2 0 5 1 5 1 1 0 4 0 5 5 5 3 0 0 5 0 4 4 1 3 4 1 1 4 1 4 4 2 5 1 2 5 3 4 
3 3 2 1 4 2 0 5 0 4 1 5 5 0 4 3 3 3 5 4 5 2 1 0 2 5 2 3 2 3 2 4 5 4 5 3 0 1 2 1 3 4 1 0 0 4 2 0 4 0 
5 0 3 3 5 3 1 5 4 4 1 1 0 0 2 5 4 0 0 3 3 2 5 0 5 3 1 4 0 4 3 0 1 5 5 0 1 3 5 1 1 2 5 0 3 0 3 1 0 1 
5 1 5 2 1 3 3 3 1 4 5 2 3 2 0 2 0 2 2 4 2 5 1 4 5 3 0 4 4 0 1 3 1 2 2 2 4 2 5 1 1 0 0 5 4 2 1 2 0 4 
3 3 1 0 1 0 5 1 0 3 5 5 0 3 2 2 1 4 1 2 1 4 2 2 0 1 1 0 0 3 4 5 4 0 2 1 1 0 3 1 3 2 2 2 0 3 4 5 0 1 
3 3 4 5 4 4 2 2 3 3 0 4 5 0 1 3 1 1 1 1 3 4 0 5 0 0 5 4 5 0 1 0 1 4 0 1 5 4 0 3 1 5 5 1 1 1 2 3 1 0 
5 4 3 4 5 5 1 2 2 5 5 2 2 2 1 4 1 0 3 0 0 2 5 3 3 2 1 4 5 3 5 4 4 4 3 0 4 3 2 1 3 4 3 5 3 1 5 3 1 4 
0 5 1 0 0 3 5 1 1 0 0 3 0 0 4 4 5 2 0 3 2 3 2 4 2 2 2 3 5 5 4 4 1 0 1 1 3 5 0 4 3 0 4 3 3 3 0 1 1 5 
0 0 0 0 0 5 0 0 2 5 3 1 1 4 5 2 3 0 4 0 2 0 1 2 4 5 0 4 4 0 0 0 3 0 0 1 4 1 1 1 4 1 4 0 4 0 0 1 5 3 
2 0 1 2 3 4 3 5 4 1 3 3 0 3 3 1 0 2 2 4 4 5 5 4 4 1 2 5 3 1 2 5 3 3 1 2 5 0 4 4 2 4 4 2 5 0 3 1 5 5 
5 0 3 2 0 2 3 5 1 4 5 0 2 0 0 4 1 2 0 3 2 4 5 1 2 0 4 2 1 5 1 0 0 3 0 0 0 2 1 1 0 3 1 1 0 4 5 0 3 3 
2 3 1 0 0 4 4 4 4 3 1 3 2 0 3 5 0 1 4 1 0 0 2 2 5 0 3 2 0 4 5 3 1 2 2 1 2 3 2 0 5 1 3 0 1 0 1 3 1 3 
4 5 0 5 2 4 5 0 3 3 5 0 0 5 2 1 1 0 4 2 0 3 0 1 4 1 0 0 2 0 0 3 2 0 3 3 4 0 4 3 2 2 1 1 1 3 3 2 5 0 
1 2 1 3 1 5 0 2 2 2 4 0 3 1 1 5 3 1 4 4 1 5 1 5 2 3 1 4 1 0 0 4 0 4 1 3 0 0 1 5 3 4 5 0 1 5 0 0 5 4 
0 2 3 2 5 2 3 0 2 5 3 1 1 4 1 2 2 2 3 5 2 5 4 2 2 0 2 5 3 0 0 0 1 0 4 2 5 2 3 0 0 0 4 1 1 0 4 1 3 0 
3 3 2 0 0 0 0 4 3 3 3 5 2 2 3 2 4 5 2 1 0 2 4 5 1 2 3 4 1 5 0 0 5 1 1 1 5 3 3 1 0 0 5 1 0 4 2 0 0 1 
0 5 1 5 0 5 3 4 5 3 4 0 0 1 0 0 2 4 2 4 0 1 4 4 5 0 1 0 0 1 1 0 0 5 1 4 1 5 5 1 3 3 4 0 4 0 4 4 0 1 
0 0 3 3 3 3 0 2 0 2 1 4 2 5 0 1 5 0 0 3 0 4 2 1 1 3 3 4 1 3 1 4 4 4 5 2 0 0 4 0 0 3 0 0 0 5 4 2 4 3 
0 2 0 3 4 3 4 1 2 0 1 1 3 3 1 2 2 2 4 0 2 3 3 4 5 1 0 3 5 2 5 0 2 2 4 0 0 2 2 5 0 5 1 1 1 2 2 1 4 0 
1 3 2 4 5 3 3 1 5 1 4 4 5 0 1 0 0 4 4 0 2 5 1 5 0 0 4 1 5 2 1 3 1 5 0 0 0 5 1 3 5 0 5 0 3 2 4 2 3 5 
4 2 0 3 3 0 2 0 3 1 4 0 3 3 2 0 4 3 1 3 0 2 3 4 4 5 4 5 5 4 4 0 3 2 1 0 4 5 0 4 3 4 0 4 4 1 3 0 0 3 
1 1 0 1 5 4 1 2 3 1 5 3 3 2 0 5 0 5 0 3 3 1 5 1 5 5 0 1 3 5 4 5 2 3 1 3 3 5 5 3 3 4 3 3 1 1 5 4 5 1 
2 0 4 2 0 1 3 5 0 2 2 3 2 5 4 5 4 5 3 0 4 4 4 1 0 5 2 2 2 4 3 4 1 3 0 2 5 2 0 0 3 0 4 5 1 5 3 3 0 0 
2 5 5 3 1 0 2 2 5 3 2 0 2 4 1 0 3 3 5 4 0 2 2 2 4 2 5 4 1 2 0 5 3 2 5 0 3 4 1 5 2 2 2 3 2 4 1 2 4 0 
1 1 4 1 2 4 1 1 4 0 5 4 0 5 2 1 3 1 0 4 4 0 1 2 0 2 0 1 4 5 3 5 0 0 5 0 5 1 4 3 0 3 1 4 3 1 4 1 3 0 

=============================================

A:
 2 4 2 3 3 2 2 5 4 3 3 5 3 3 2 5 5 3 4 2 3 3 2 3 1 1 2 3 4 3 4 3 2 3 1 3 1 3 4 5 2 3 1 2 1 4 3 2 4 3 1 5 2 1 4 3 5 1 4 2 3 3 5 4 3 3 4 3 2 3 2 2 1 2 1 4 1 5 4 5 2 2 4 2 2 1 2 1 3 1 3 1 3 1 2 3 1 2 4 2 4 3 5 3 3 2 3 3 5 1 1 2 5 1 4 1 3 4 3 4 1 3 5 4 4 2 1 1 3 3 4 1 1 1 3 1 4 4 3 5 4 3 5 1 2 2 5 3 2 3 4 2 1 5 2 5 3 5 1 4 1 5 1 2 4 3 4 3 5 3 3 3 3 3 3 4 3 1 2 2 3 5 2 2 3 5 2 5 2 1 3 2 1 5 5 3 4 2 4 1 5 3 1 1 1 4 3 5 5 1 2 4 3 5 2 5 4 2 3 3 2 3 1 1 3 5 3 1 4 4 4 4 5 4 4 1 1 4 3 5 1 5 3 3 4 2 4 1 5 5 3 1 1 5 5 2 2 2 5 2 2 1 5 1 2 1 3 2 2 2 5 1 2 4 4 1 5 4 5 1 2 4 3 5 2 1 5 3 5 3 1 3 1 1 1 3 5 1 4 3 1 3 1 3 1 5 4 2 1 3 5 2 2 2 3 5 1 3 1 2 1 3 4 3 2 1 3 1 5 2 2 5 5 1 3 1 5 4 1 5 2 4 4 5 4 1 1 1 4 2 4 1 4 2 5 2 1 3 2 2 1 3 4 5 5 2 2 2 1 5 3 5 5 3 4 1 5 1 3 3 5 2 1 4 5 2 5 5 2 3 2 1 5 2 2 2 4 3 5 4 1 5 2 2 4 4 1 2 4 1 5 4 4 5 3 3 4 1 2 5 1 5 5 2 1 1 1 5 3 5 5 1 5 3 5 1 2 3 3 4 2 2 4 1 4 3 4 2 5 3 2 1 3 4 1 4 5 2 4 5 5 2 5 2 1 5 4 1 3 1 3 5 2 1 2 2 5 4 1 5 3 3 4 5 2 5 5 5 3 3 3 3 2 5 2 2 3 5 2 4 3 1 1 2 3 1 3 1 4 1 1 4 3 1 5 3 1 3 2 1 5 2 1 1 3 4 1 5 3 3 4 2 4 5 5 5 5 2 3 2 1 4 5 3 1 2 5 2 2 3 2 4 2 2 2 1 2 2 5 3 2 3 4 3 4 5 3 4 4 3 3 4 1 4 5 4 2 2 3 3 2 1 3 5 4 2 5 3 2 4 3 4 2 3 3 4 4 5 1 3 5 3 2 2 3 4 3 5 1 2 4 2 1 1 3 2 5 2 5 5 3 5 5 4 5 4 4 1 5 1 5 4 1 1 4 5 2 5 1 5 4 1 5 1 4 3 3 4 2 2 5 5 2 5 3 5 1 5 3 4 2 5 3 2 2 1 3 4 1 2 2 4 2 1 3 4 3 1 1 5 5 1 5 4 4 2 5 1 3 4 5 4 2 1 1 1 2 5 5 4 1 4 3 3 3 5 3 2 4 5 2 5 1 5 5 1 3 5 5 5 4 5 3 2 5 3 5 2 3 2 3 4 5 2 3 4 4 4 4 4 3 3 4 5 4 4 4 4 1 3 1 2 4 1 1 1 4 5 4 5 4 5 5 5 4 5 1 1 5 2 3 5 1 2 3 4 2 3 2 4 2 5 1 2 1 5 3 3 2 5 2 4 2 4 2 5 3 5 4 5 1 2 5 4 1 1 2 2 4 5 5 4 2 3 4 1 5 4 4 3 2 5 2 1 1 4 5 1 1 4 1 1 4 2 2 1 4 3 3 5 5 1 1 4 2 2 1 3 5 5 5 1 1 4 2 3 3 5 5 4 2 2 1 2 4 4 1 3 4 1 1 1 5 1 3 3 4 1 1 1 4 5 2 2 2 5 1 2 2 3 4 5 4 4 2 3 5 1 1 5 1 2 1 2 5 3 3 1 3 4 2 3 5 5 3 1 4 3 1 3 4 2 4 2 1 2 2 5 2 4 5 4 3 1 2 1 4 4 3 5 5 3 1 2 4 4 2 4 3 3 5 2 1 2 4 4 4 1 5 5 5 5 3 3 1 2 1 4 3 2 5 4 4 5 4 4 4 3 3 5 2 3 2 5 2 2 4 1 2 4 5 2 2 5 1 5 1 1 4 5 5 5 3 5 4 4 1 3 4 1 1 4 1 4 4 2 5 1 2 5 3 4 3 3 2 1 4 2 5 4 1 5 5 4 3 3 3 5 4 5 2 1 2 5 2 3 2 3 2 4 5 4 5 3 1 2 1 3 4 1 4 2 4 5 3 3 5 3 1 5 4 4 1 1 2 5 4 3 3 2 5 5 3 1 4 4 3 1 5 5 1 3 5 1 1 2 5 3 3 1 1 5 1 5 2 1 3 3 3 1 4 5 2 3 2 2 2 2 4 2 5 1 4 5 3 4 4 1 3 1 2 2 2 4 2 5 1 1 5 4 2 1 2 4 3 3 1 1 5 1 3 5 5 3 2 2 1 4 1 2 1 4 2 2 1 1 3 4 5 4 2 1 1 3 1 3 2 2 2 3 4 5 1 3 3 4 5 4 4 2 2 3 3 4 5 1 3 1 1 1 1 3 4 5 5 4 5 1 1 4 1 5 4 3 1 5 5 1 1 1 2 3 1 5 4 3 4 5 5 1 2 2 5 5 2 2 2 1 4 1 3 2 5 3 3 2 1 4 5 3 5 4 4 4 3 4 3 2 1 3 4 3 5 3 1 5 3 1 4 5 1 3 5 1 1 3 4 4 5 2 3 2 3 2 4 2 2 2 3 5 5 4 4 1 1 1 3 5 4 3 4 3 3 3 1 1 5 5 2 5 3 1 1 4 5 2 3 4 2 1 2 4 5 4 4 3 1 4 1 1 1 4 1 4 4 1 5 3 2 1 2 3 4 3 5 4 1 3 3 3 3 1 2 2 4 4 5 5 4 4 1 2 5 3 1 2 5 3 3 1 2 5 4 4 2 4 4 2 5 3 1 5 5 5 3 2 2 3 5 1 4 5 2 4 1 2 3 2 4 5 1 2 4 2 1 5 1 3 2 1 1 3 1 1 4 5 3 3 2 3 1 4 4 4 4 3 1 3 2 3 5 1 4 1 2 2 5 3 2 4 5 3 1 2 2 1 2 3 2 5 1 3 1 1 3 1 3 4 5 5 2 4 5 3 3 5 5 2 1 1 4 2 3 1 4 1 2 3 2 3 3 4 4 3 2 2 1 1 1 3 3 2 5 1 2 1 3 1 5 2 2 2 4 3 1 1 5 3 1 4 4 1 5 1 5 2 3 1 4 1 4 4 1 3 1 5 3 4 5 1 5 5 4 2 3 2 5 2 3 2 5 3 1 1 4 1 2 2 2 3 5 2 5 4 2 2 2 5 3 1 4 2 5 2 3 4 1 1 4 1 3 3 3 2 4 3 3 3 5 2 2 3 2 4 5 2 1 2 4 5 1 2 3 4 1 5 5 1 1 1 5 3 3 1 5 1 4 2 1 5 1 5 5 3 4 5 3 4 1 2 4 2 4 1 4 4 5 1 1 1 5 1 4 1 5 5 1 3 3 4 4 4 4 1 3 3 3 3 2 2 1 4 2 5 1 5 3 4 2 1 1 3 3 4 1 3 1 4 4 4 5 2 4 3 5 4 2 4 3 2 3 4 3 4 1 2 1 1 3 3 1 2 2 2 4 2 3 3 4 5 1 3 5 2 5 2 2 4 2 2 5 5 1 1 1 2 2 1 4 1 3 2 4 5 3 3 1 5 1 4 4 5 1 4 4 2 5 1 5 4 1 5 2 1 3 1 5 5 1 3 5 5 3 2 4 2 3 5 4 2 3 3 2 3 1 4 3 3 2 4 3 1 3 2 3 4 4 5 4 5 5 4 4 3 2 1 4 5 4 3 4 4 4 1 3 3 1 1 1 5 4 1 2 3 1 5 3 3 2 5 5 3 3 1 5 1 5 5 1 3 5 4 5 2 3 1 3 3 5 5 3 3 4 3 3 1 1 5 4 5 1 2 4 2 1 3 5 2 2 3 2 5 4 5 4 5 3 4 4 4 1 5 2 2 2 4 3 4 1 3 2 5 2 3 4 5 1 5 3 3 2 5 5 3 1 2 2 5 3 2 2 4 1 3 3 5 4 2 2 2 4 2 5 4 1 2 5 3 2 5 3 4 1 5 2 2 2 3 2 4 1 2 4 1 1 4 1 2 4 1 1 4 5 4 5 2 1 3 1 4 4 1 2 2 1 4 5 3 5 5 5 1 4 3 3 1 4 3 1 4 1 3 
JA:
 0 2 3 4 5 6 7 8 11 12 13 14 15 16 17 19 20 21 22 23 24 25 26 27 29 30 31 32 33 34 35 36 37 38 39 40 41 42 43 44 45 46 47 48 49 0 2 4 5 7 8 9 10 11 12 13 14 15 16 17 18 19 20 21 22 23 26 27 28 29 30 31 33 34 35 36 38 39 41 42 43 44 45 46 47 48 49 0 1 2 3 4 6 7 9 11 12 13 14 15 17 19 20 21 22 23 24 25 26 27 28 29 30 31 32 33 34 35 37 38 39 40 41 42 43 46 47 48 49 0 1 2 3 4 6 7 9 11 12 13 15 16 18 20 21 22 24 25 28 29 30 31 32 33 35 36 39 41 43 45 46 47 48 49 0 2 3 4 5 6 7 9 10 12 13 14 15 16 17 18 19 21 22 23 24 26 27 28 29 30 31 32 33 34 35 36 37 39 40 42 44 45 46 47 48 49 0 1 2 3 4 5 6 7 8 9 10 13 14 15 16 17 18 19 20 21 22 23 24 25 26 28 31 32 33 34 35 36 38 40 41 42 43 44 45 46 47 48 0 1 2 3 4 5 6 7 8 9 10 11 12 13 15 16 17 18 20 22 23 24 25 27 30 32 33 34 36 37 38 39 40 41 42 43 44 45 46 47 48 0 1 3 4 5 6 7 9 10 11 12 13 14 17 18 20 21 22 23 25 27 28 29 34 36 37 38 39 40 41 43 44 45 47 48 0 1 2 3 4 5 6 7 9 11 13 14 15 16 17 18 20 21 22 23 24 25 27 28 29 31 32 33 34 35 37 38 39 40 41 42 43 44 46 49 0 1 2 5 6 7 8 9 10 12 13 16 17 19 20 22 24 25 26 27 28 29 30 32 33 34 35 38 39 41 42 43 44 45 48 49 0 1 2 4 5 6 7 8 9 10 11 12 13 15 17 18 19 20 22 23 24 25 26 27 28 29 31 33 34 35 36 38 39 41 42 45 47 48 49 0 1 2 3 4 5 6 7 8 9 10 12 13 14 15 16 17 18 19 20 21 22 23 24 27 28 29 30 31 32 35 36 37 38 40 41 42 44 45 46 47 48 0 1 2 3 4 6 7 8 9 10 12 13 14 15 16 17 19 20 21 22 23 24 25 26 27 28 29 30 31 34 35 36 38 39 40 42 45 48 49 0 2 3 5 6 7 8 9 10 11 12 13 14 16 17 18 20 22 23 24 25 26 28 29 31 32 33 34 35 37 38 39 40 41 42 43 44 45 47 48 0 2 4 6 7 9 10 11 12 13 14 15 16 17 18 19 21 22 23 24 27 28 29 30 31 34 36 38 40 41 42 43 44 45 46 47 48 49 1 5 6 7 8 9 11 12 13 14 15 16 17 19 20 21 22 23 24 25 26 27 28 29 30 31 32 35 36 37 38 41 42 43 44 45 46 48 0 1 3 4 5 6 7 8 9 10 11 12 13 14 15 16 17 18 19 20 21 22 24 25 27 28 29 30 31 32 33 34 35 36 37 38 39 40 41 42 43 44 48 0 1 2 4 5 9 10 11 14 15 16 18 20 22 23 24 25 26 28 29 33 35 36 37 38 39 40 41 44 45 46 47 49 0 2 3 4 5 6 7 8 9 10 11 13 14 15 17 18 20 22 23 25 26 27 28 29 30 31 32 33 34 35 36 37 39 40 41 42 43 44 45 47 48 49 0 2 6 7 8 10 11 12 14 15 16 19 20 22 24 25 26 27 28 31 32 33 36 37 38 39 42 44 47 48 0 2 3 4 5 6 7 9 10 11 12 13 14 15 16 17 18 19 21 23 24 25 26 28 30 31 32 33 34 35 36 37 38 39 40 41 42 44 46 47 48 49 0 1 2 3 4 5 6 7 8 9 10 11 12 13 14 15 16 18 19 20 21 24 25 28 29 32 33 37 38 40 41 42 44 46 47 48 49 0 2 3 4 5 6 7 8 9 10 12 13 14 15 16 18 19 20 21 22 24 25 26 27 28 30 31 32 33 34 35 37 38 39 40 41 43 0 1 2 3 4 5 6 7 9 10 11 12 14 15 16 17 18 19 20 22 23 24 25 29 30 32 33 34 35 37 39 40 41 43 44 45 47 49 0 1 2 3 4 5 6 7 8 9 10 11 12 14 15 16 17 18 19 20 21 22 23 26 27 28 29 30 31 32 33 34 35 36 37 39 40 41 43 45 46 47 0 1 2 3 5 6 7 9 10 11 12 13 14 16 17 18 19 20 22 24 25 26 27 30 32 33 34 35 36 37 38 39 40 41 42 43 44 45 46 47 48 49 0 1 2 3 4 5 7 9 10 11 12 14 15 16 17 18 19 20 21 22 24 25 26 27 28 29 30 31 32 33 34 35 37 38 39 40 41 42 45 46 48 0 2 3 4 5 6 7 8 9 10 11 14 15 16 19 20 21 22 24 25 26 27 29 30 32 33 34 36 37 38 39 40 41 42 44 46 47 49 0 1 2 3 4 5 6 7 8 9 10 11 12 13 15 17 18 19 20 21 22 23 24 25 27 28 30 31 32 33 34 35 36 37 38 39 40 43 44 45 46 47 49 0 1 2 4 6 7 9 10 11 13 14 15 16 17 18 19 20 21 22 23 25 26 29 30 31 32 34 35 36 38 39 40 41 42 43 45 46 47 49 0 1 2 3 4 5 6 7 8 9 11 12 14 15 16 17 18 19 20 21 23 26 27 28 30 32 33 35 36 37 39 40 41 42 43 44 45 46 47 48 0 1 2 3 4 5 6 7 8 9 10 11 12 13 14 15 16 18 21 22 23 24 25 26 27 28 29 30 31 32 33 34 36 37 38 39 40 41 42 43 44 45 46 47 48 49 1 2 5 6 7 8 11 14 15 16 17 19 20 21 22 23 24 25 26 27 28 29 30 31 32 34 35 36 37 39 40 42 43 44 45 47 48 49 5 8 9 10 11 12 13 14 15 16 18 20 22 23 24 25 27 28 32 35 36 37 38 39 40 41 42 44 47 48 49 0 2 3 4 5 6 7 8 9 10 11 13 14 15 17 18 19 20 21 22 23 24 25 26 27 28 29 30 31 32 33 34 35 36 38 39 40 41 42 43 44 46 47 48 49 0 2 3 5 6 7 8 9 10 12 15 16 17 19 20 21 22 23 24 26 27 28 29 30 33 37 38 39 41 42 43 45 46 48 49 0 1 2 5 6 7 8 9 10 11 12 14 15 17 18 19 22 23 24 26 27 29 30 31 32 33 34 35 36 37 38 40 41 42 44 46 47 48 49 0 1 3 4 5 6 8 9 10 13 14 15 16 18 19 21 23 24 25 28 31 32 34 35 36 38 39 40 41 42 43 44 45 46 47 48 0 1 2 3 4 5 7 8 9 10 12 13 14 15 16 17 18 19 20 21 22 23 24 25 26 27 28 31 33 34 35 38 39 40 41 42 44 45 48 49 1 2 3 4 5 6 8 9 10 11 12 13 14 15 16 17 18 19 20 21 22 23 24 26 27 28 32 34 35 36 37 38 42 43 44 46 47 48 0 1 2 7 8 9 10 11 12 13 14 15 16 17 18 19 21 22 23 24 25 26 27 28 29 32 33 34 35 36 37 38 39 42 43 45 46 49 1 2 3 5 6 7 8 9 10 13 16 17 18 19 21 22 23 24 26 29 30 33 34 35 36 37 38 39 40 41 42 44 46 47 49 2 3 4 5 7 9 10 11 12 13 15 16 19 21 22 23 24 25 26 27 28 29 30 31 32 33 34 35 38 41 45 46 47 48 49 1 3 4 5 6 7 8 10 11 12 13 14 15 16 17 18 20 21 22 23 24 25 27 28 29 30 32 33 34 37 38 39 41 42 43 44 45 46 47 48 0 1 2 3 4 5 6 7 8 9 10 11 12 14 17 18 20 21 22 23 26 27 28 29 30 31 32 33 37 38 39 40 42 44 45 46 47 48 49 0 1 3 4 6 8 9 10 12 13 14 16 17 18 19 21 22 23 24 25 26 27 28 29 30 32 33 34 36 37 39 40 41 43 44 45 46 49 0 1 3 4 5 6 7 8 9 10 11 12 13 15 17 19 20 21 22 23 24 25 27 28 29 30 31 32 33 34 35 36 37 38 39 40 41 42 43 44 45 46 47 48 49 0 2 3 5 6 7 9 10 11 12 13 14 15 16 17 18 20 21 22 23 25 26 27 28 29 30 31 32 33 35 36 37 40 42 43 44 45 46 47 0 1 2 3 4 6 7 8 9 10 12 13 14 16 17 18 19 21 22 23 24 25 26 27 28 29 31 32 33 34 36 37 38 39 40 41 42 43 44 45 46 47 48 0 1 2 3 4 5 6 7 8 10 11 13 14 15 16 17 19 20 22 23 25 27 28 29 30 31 34 36 37 38 39 41 42 43 44 45 46 47 48 
Nk:
 0 45 87 129 164 206 248 289 324 364 400 439 481 520 560 598 636 679 712 754 784 826 863 900 938 980 1022 1063 1101 1144 1183 1223 1269 1307 1338 1383 1418 1457 1493 1533 1571 1609 1644 1679 1719 1758 1796 1841 1880 1923 
=============================================

A:
 2 4 2 3 3 2 2 5 4 3 3 5 3 3 2 5 5 3 4 2 3 3 2 3 1 1 2 3 4 3 4 3 2 3 1 3 1 3 4 5 2 3 1 2 1 4 3 2 4 3 1 5 2 1 4 3 5 1 4 2 3 3 5 4 3 3 4 3 2 3 2 2 1 2 1 4 1 5 4 5 2 2 4 2 2 1 2 1 3 1 3 1 3 1 2 3 1 2 4 2 4 3 5 3 3 2 3 3 5 1 1 2 5 1 4 1 3 4 3 4 1 3 5 4 4 2 1 1 3 3 4 1 1 1 3 1 4 4 3 5 4 3 5 1 2 2 5 3 2 3 4 2 1 5 2 5 3 5 1 4 1 5 1 2 4 3 4 3 5 3 3 3 3 3 3 4 3 1 2 2 3 5 2 2 3 5 2 5 2 1 3 2 1 5 5 3 4 2 4 1 5 3 1 1 1 4 3 5 5 1 2 4 3 5 2 5 4 2 3 3 2 3 1 1 3 5 3 1 4 4 4 4 5 4 4 1 1 4 3 5 1 5 3 3 4 2 4 1 5 5 3 1 1 5 5 2 2 2 5 2 2 1 5 1 2 1 3 2 2 2 5 1 2 4 4 1 5 4 5 1 2 4 3 5 2 1 5 3 5 3 1 3 1 1 1 3 5 1 4 3 1 3 1 3 1 5 4 2 1 3 5 2 2 2 3 5 1 3 1 2 1 3 4 3 2 1 3 1 5 2 2 5 5 1 3 1 5 4 1 5 2 4 4 5 4 1 1 1 4 2 4 1 4 2 5 2 1 3 2 2 1 3 4 5 5 2 2 2 1 5 3 5 5 3 4 1 5 1 3 3 5 2 1 4 5 2 5 5 2 3 2 1 5 2 2 2 4 3 5 4 1 5 2 2 4 4 1 2 4 1 5 4 4 5 3 3 4 1 2 5 1 5 5 2 1 1 1 5 3 5 5 1 5 3 5 1 2 3 3 4 2 2 4 1 4 3 4 2 5 3 2 1 3 4 1 4 5 2 4 5 5 2 5 2 1 5 4 1 3 1 3 5 2 1 2 2 5 4 1 5 3 3 4 5 2 5 5 5 3 3 3 3 2 5 2 2 3 5 2 4 3 1 1 2 3 1 3 1 4 1 1 4 3 1 5 3 1 3 2 1 5 2 1 1 3 4 1 5 3 3 4 2 4 5 5 5 5 2 3 2 1 4 5 3 1 2 5 2 2 3 2 4 2 2 2 1 2 2 5 3 2 3 4 3 4 5 3 4 4 3 3 4 1 4 5 4 2 2 3 3 2 1 3 5 4 2 5 3 2 4 3 4 2 3 3 4 4 5 1 3 5 3 2 2 3 4 3 5 1 2 4 2 1 1 3 2 5 2 5 5 3 5 5 4 5 4 4 1 5 1 5 4 1 1 4 5 2 5 1 5 4 1 5 1 4 3 3 4 2 2 5 5 2 5 3 5 1 5 3 4 2 5 3 2 2 1 3 4 1 2 2 4 2 1 3 4 3 1 1 5 5 1 5 4 4 2 5 1 3 4 5 4 2 1 1 1 2 5 5 4 1 4 3 3 3 5 3 2 4 5 2 5 1 5 5 1 3 5 5 5 4 5 3 2 5 3 5 2 3 2 3 4 5 2 3 4 4 4 4 4 3 3 4 5 4 4 4 4 1 3 1 2 4 1 1 1 4 5 4 5 4 5 5 5 4 5 1 1 5 2 3 5 1 2 3 4 2 3 2 4 2 5 1 2 1 5 3 3 2 5 2 4 2 4 2 5 3 5 4 5 1 2 5 4 1 1 2 2 4 5 5 4 2 3 4 1 5 4 4 3 2 5 2 1 1 4 5 1 1 4 1 1 4 2 2 1 4 3 3 5 5 1 1 4 2 2 1 3 5 5 5 1 1 4 2 3 3 5 5 4 2 2 1 2 4 4 1 3 4 1 1 1 5 1 3 3 4 1 1 1 4 5 2 2 2 5 1 2 2 3 4 5 4 4 2 3 5 1 1 5 1 2 1 2 5 3 3 1 3 4 2 3 5 5 3 1 4 3 1 3 4 2 4 2 1 2 2 5 2 4 5 4 3 1 2 1 4 4 3 5 5 3 1 2 4 4 2 4 3 3 5 2 1 2 4 4 4 1 5 5 5 5 3 3 1 2 1 4 3 2 5 4 4 5 4 4 4 3 3 5 2 3 2 5 2 2 4 1 2 4 5 2 2 5 1 5 1 1 4 5 5 5 3 5 4 4 1 3 4 1 1 4 1 4 4 2 5 1 2 5 3 4 3 3 2 1 4 2 5 4 1 5 5 4 3 3 3 5 4 5 2 1 2 5 2 3 2 3 2 4 5 4 5 3 1 2 1 3 4 1 4 2 4 5 3 3 5 3 1 5 4 4 1 1 2 5 4 3 3 2 5 5 3 1 4 4 3 1 5 5 1 3 5 1 1 2 5 3 3 1 1 5 1 5 2 1 3 3 3 1 4 5 2 3 2 2 2 2 4 2 5 1 4 5 3 4 4 1 3 1 2 2 2 4 2 5 1 1 5 4 2 1 2 4 3 3 1 1 5 1 3 5 5 3 2 2 1 4 1 2 1 4 2 2 1 1 3 4 5 4 2 1 1 3 1 3 2 2 2 3 4 5 1 3 3 4 5 4 4 2 2 3 3 4 5 1 3 1 1 1 1 3 4 5 5 4 5 1 1 4 1 5 4 3 1 5 5 1 1 1 2 3 1 5 4 3 4 5 5 1 2 2 5 5 2 2 2 1 4 1 3 2 5 3 3 2 1 4 5 3 5 4 4 4 3 4 3 2 1 3 4 3 5 3 1 5 3 1 4 5 1 3 5 1 1 3 4 4 5 2 3 2 3 2 4 2 2 2 3 5 5 4 4 1 1 1 3 5 4 3 4 3 3 3 1 1 5 5 2 5 3 1 1 4 5 2 3 4 2 1 2 4 5 4 4 3 1 4 1 1 1 4 1 4 4 1 5 3 2 1 2 3 4 3 5 4 1 3 3 3 3 1 2 2 4 4 5 5 4 4 1 2 5 3 1 2 5 3 3 1 2 5 4 4 2 4 4 2 5 3 1 5 5 5 3 2 2 3 5 1 4 5 2 4 1 2 3 2 4 5 1 2 4 2 1 5 1 3 2 1 1 3 1 1 4 5 3 3 2 3 1 4 4 4 4 3 1 3 2 3 5 1 4 1 2 2 5 3 2 4 5 3 1 2 2 1 2 3 2 5 1 3 1 1 3 1 3 4 5 5 2 4 5 3 3 5 5 2 1 1 4 2 3 1 4 1 2 3 2 3 3 4 4 3 2 2 1 1 1 3 3 2 5 1 2 1 3 1 5 2 2 2 4 3 1 1 5 3 1 4 4 1 5 1 5 2 3 1 4 1 4 4 1 3 1 5 3 4 5 1 5 5 4 2 3 2 5 2 3 2 5 3 1 1 4 1 2 2 2 3 5 2 5 4 2 2 2 5 3 1 4 2 5 2 3 4 1 1 4 1 3 3 3 2 4 3 3 3 5 2 2 3 2 4 5 2 1 2 4 5 1 2 3 4 1 5 5 1 1 1 5 3 3 1 5 1 4 2 1 5 1 5 5 3 4 5 3 4 1 2 4 2 4 1 4 4 5 1 1 1 5 1 4 1 5 5 1 3 3 4 4 4 4 1 3 3 3 3 2 2 1 4 2 5 1 5 3 4 2 1 1 3 3 4 1 3 1 4 4 4 5 2 4 3 5 4 2 4 3 2 3 4 3 4 1 2 1 1 3 3 1 2 2 2 4 2 3 3 4 5 1 3 5 2 5 2 2 4 2 2 5 5 1 1 1 2 2 1 4 1 3 2 4 5 3 3 1 5 1 4 4 5 1 4 4 2 5 1 5 4 1 5 2 1 3 1 5 5 1 3 5 5 3 2 4 2 3 5 4 2 3 3 2 3 1 4 3 3 2 4 3 1 3 2 3 4 4 5 4 5 5 4 4 3 2 1 4 5 4 3 4 4 4 1 3 3 1 1 1 5 4 1 2 3 1 5 3 3 2 5 5 3 3 1 5 1 5 5 1 3 5 4 5 2 3 1 3 3 5 5 3 3 4 3 3 1 1 5 4 5 1 2 4 2 1 3 5 2 2 3 2 5 4 5 4 5 3 4 4 4 1 5 2 2 2 4 3 4 1 3 2 5 2 3 4 5 1 5 3 3 2 5 5 3 1 2 2 5 3 2 2 4 1 3 3 5 4 2 2 2 4 2 5 4 1 2 5 3 2 5 3 4 1 5 2 2 2 3 2 4 1 2 4 1 1 4 1 2 4 1 1 4 5 4 5 2 1 3 1 4 4 1 2 2 1 4 5 3 5 5 5 1 4 3 3 1 4 3 1 4 1 3 
JA:
 0 2 3 4 5 6 7 8 11 12 13 14 15 16 17 19 20 21 22 23 24 25 26 27 29 30 31 32 33 34 35 36 37 38 39 40 41 42 43 44 45 46 47 48 49 0 2 4 5 7 8 9 10 11 12 13 14 15 16 17 18 19 20 21 22 23 26 27 28 29 30 31 33 34 35 36 38 39 41 42 43 44 45 46 47 48 49 0 1 2 3 4 6 7 9 11 12 13 14 15 17 19 20 21 22 23 24 25 26 27 28 29 30 31 32 33 34 35 37 38 39 40 41 42 43 46 47 48 49 0 1 2 3 4 6 7 9 11 12 13 15 16 18 20 21 22 24 25 28 29 30 31 32 33 35 36 39 41 43 45 46 47 48 49 0 2 3 4 5 6 7 9 10 12 13 14 15 16 17 18 19 21 22 23 24 26 27 28 29 30 31 32 33 34 35 36 37 39 40 42 44 45 46 47 48 49 0 1 2 3 4 5 6 7 8 9 10 13 14 15 16 17 18 19 20 21 22 23 24 25 26 28 31 32 33 34 35 36 38 40 41 42 43 44 45 46 47 48 0 1 2 3 4 5 6 7 8 9 10 11 12 13 15 16 17 18 20 22 23 24 25 27 30 32 33 34 36 37 38 39 40 41 42 43 44 45 46 47 48 0 1 3 4 5 6 7 9 10 11 12 13 14 17 18 20 21 22 23 25 27 28 29 34 36 37 38 39 40 41 43 44 45 47 48 0 1 2 3 4 5 6 7 9 11 13 14 15 16 17 18 20 21 22 23 24 25 27 28 29 31 32 33 34 35 37 38 39 40 41 42 43 44 46 49 0 1 2 5 6 7 8 9 10 12 13 16 17 19 20 22 24 25 26 27 28 29 30 32 33 34 35 38 39 41 42 43 44 45 48 49 0 1 2 4 5 6 7 8 9 10 11 12 13 15 17 18 19 20 22 23 24 25 26 27 28 29 31 33 34 35 36 38 39 41 42 45 47 48 49 0 1 2 3 4 5 6 7 8 9 10 12 13 14 15 16 17 18 19 20 21 22 23 24 27 28 29 30 31 32 35 36 37 38 40 41 42 44 45 46 47 48 0 1 2 3 4 6 7 8 9 10 12 13 14 15 16 17 19 20 21 22 23 24 25 26 27 28 29 30 31 34 35 36 38 39 40 42 45 48 49 0 2 3 5 6 7 8 9 10 11 12 13 14 16 17 18 20 22 23 24 25 26 28 29 31 32 33 34 35 37 38 39 40 41 42 43 44 45 47 48 0 2 4 6 7 9 10 11 12 13 14 15 16 17 18 19 21 22 23 24 27 28 29 30 31 34 36 38 40 41 42 43 44 45 46 47 48 49 1 5 6 7 8 9 11 12 13 14 15 16 17 19 20 21 22 23 24 25 26 27 28 29 30 31 32 35 36 37 38 41 42 43 44 45 46 48 0 1 3 4 5 6 7 8 9 10 11 12 13 14 15 16 17 18 19 20 21 22 24 25 27 28 29 30 31 32 33 34 35 36 37 38 39 40 41 42 43 44 48 0 1 2 4 5 9 10 11 14 15 16 18 20 22 23 24 25 26 28 29 33 35 36 37 38 39 40 41 44 45 46 47 49 0 2 3 4 5 6 7 8 9 10 11 13 14 15 17 18 20 22 23 25 26 27 28 29 30 31 32 33 34 35 36 37 39 40 41 42 43 44 45 47 48 49 0 2 6 7 8 10 11 12 14 15 16 19 20 22 24 25 26 27 28 31 32 33 36 37 38 39 42 44 47 48 0 2 3 4 5 6 7 9 10 11 12 13 14 15 16 17 18 19 21 23 24 25 26 28 30 31 32 33 34 35 36 37 38 39 40 41 42 44 46 47 48 49 0 1 2 3 4 5 6 7 8 9 10 11 12 13 14 15 16 18 19 20 21 24 25 28 29 32 33 37 38 40 41 42 44 46 47 48 49 0 2 3 4 5 6 7 8 9 10 12 13 14 15 16 18 19 20 21 22 24 25 26 27 28 30 31 32 33 34 35 37 38 39 40 41 43 0 1 2 3 4 5 6 7 9 10 11 12 14 15 16 17 18 19 20 22 23 24 25 29 30 32 33 34 35 37 39 40 41 43 44 45 47 49 0 1 2 3 4 5 6 7 8 9 10 11 12 14 15 16 17 18 19 20 21 22 23 26 27 28 29 30 31 32 33 34 35 36 37 39 40 41 43 45 46 47 0 1 2 3 5 6 7 9 10 11 12 13 14 16 17 18 19 20 22 24 25 26 27 30 32 33 34 35 36 37 38 39 40 41 42 43 44 45 46 47 48 49 0 1 2 3 4 5 7 9 10 11 12 14 15 16 17 18 19 20 21 22 24 25 26 27 28 29 30 31 32 33 34 35 37 38 39 40 41 42 45 46 48 0 2 3 4 5 6 7 8 9 10 11 14 15 16 19 20 21 22 24 25 26 27 29 30 32 33 34 36 37 38 39 40 41 42 44 46 47 49 0 1 2 3 4 5 6 7 8 9 10 11 12 13 15 17 18 19 20 21 22 23 24 25 27 28 30 31 32 33 34 35 36 37 38 39 40 43 44 45 46 47 49 0 1 2 4 6 7 9 10 11 13 14 15 16 17 18 19 20 21 22 23 25 26 29 30 31 32 34 35 36 38 39 40 41 42 43 45 46 47 49 0 1 2 3 4 5 6 7 8 9 11 12 14 15 16 17 18 19 20 21 23 26 27 28 30 32 33 35 36 37 39 40 41 42 43 44 45 46 47 48 0 1 2 3 4 5 6 7 8 9 10 11 12 13 14 15 16 18 21 22 23 24 25 26 27 28 29 30 31 32 33 34 36 37 38 39 40 41 42 43 44 45 46 47 48 49 1 2 5 6 7 8 11 14 15 16 17 19 20 21 22 23 24 25 26 27 28 29 30 31 32 34 35 36 37 39 40 42 43 44 45 47 48 49 5 8 9 10 11 12 13 14 15 16 18 20 22 23 24 25 27 28 32 35 36 37 38 39 40 41 42 44 47 48 49 0 2 3 4 5 6 7 8 9 10 11 13 14 15 17 18 19 20 21 22 23 24 25 26 27 28 29 30 31 32 33 34 35 36 38 39 40 41 42 43 44 46 47 48 49 0 2 3 5 6 7 8 9 10 12 15 16 17 19 20 21 22 23 24 26 27 28 29 30 33 37 38 39 41 42 43 45 46 48 49 0 1 2 5 6 7 8 9 10 11 12 14 15 17 18 19 22 23 24 26 27 29 30 31 32 33 34 35 36 37 38 40 41 42 44 46 47 48 49 0 1 3 4 5 6 8 9 10 13 14 15 16 18 19 21 23 24 25 28 31 32 34 35 36 38 39 40 41 42 43 44 45 46 47 48 0 1 2 3 4 5 7 8 9 10 12 13 14 15 16 17 18 19 20 21 22 23 24 25 26 27 28 31 33 34 35 38 39 40 41 42 44 45 48 49 1 2 3 4 5 6 8 9 10 11 12 13 14 15 16 17 18 19 20 21 22 23 24 26 27 28 32 34 35 36 37 38 42 43 44 46 47 48 0 1 2 7 8 9 10 11 12 13 14 15 16 17 18 19 21 22 23 24 25 26 27 28 29 32 33 34 35 36 37 38 39 42 43 45 46 49 1 2 3 5 6 7 8 9 10 13 16 17 18 19 21 22 23 24 26 29 30 33 34 35 36 37 38 39 40 41 42 44 46 47 49 2 3 4 5 7 9 10 11 12 13 15 16 19 21 22 23 24 25 26 27 28 29 30 31 32 33 34 35 38 41 45 46 47 48 49 1 3 4 5 6 7 8 10 11 12 13 14 15 16 17 18 20 21 22 23 24 25 27 28 29 30 32 33 34 37 38 39 41 42 43 44 45 46 47 48 0 1 2 3 4 5 6 7 8 9 10 11 12 14 17 18 20 21 22 23 26 27 28 29 30 31 32 33 37 38 39 40 42 44 45 46 47 48 49 0 1 3 4 6 8 9 10 12 13 14 16 17 18 19 21 22 23 24 25 26 27 28 29 30 32 33 34 36 37 39 40 41 43 44 45 46 49 0 1 3 4 5 6 7 8 9 10 11 12 13 15 17 19 20 21 22 23 24 25 27 28 29 30 31 32 33 34 35 36 37 38 39 40 41 42 43 44 45 46 47 48 49 0 2 3 5 6 7 9 10 11 12 13 14 15 16 17 18 20 21 22 23 25 26 27 28 29 30 31 32 33 35 36 37 40 42 43 44 45 46 47 0 1 2 3 4 6 7 8 9 10 12 13 14 16 17 18 19 21 22 23 24 25 26 27 28 29 31 32 33 34 36 37 38 39 40 41 42 43 44 45 46 47 48 0 1 2 3 4 5 6 7 8 10 11 13 14 15 16 17 19 20 22 23 25 27 28 29 30 31 34 36 37 38 39 41 42 43 44 45 46 47 48 
Nk:
 0 45 87 129 164 206 248 289 324 364 400 439 481 520 560 598 636 679 712 754 784 826 863 900 938 980 1022 1063 1101 1144 1183 1223 1269 1307 1338 1383 1418 1457 1493 1533 1571 1609 1644 1679 1719 1758 1796 1841 1880 1923 
=============================================
424 
305 
297 
216 
314 
339 
307 
198 
280 
263 
296 
307 
283 
277 
295 
329 
315 
240 
359 
290 
344 
261 
280 
260 
342 
323 
330 
335 
309 
226 
288 
338 
280 
231 
385 
225 
245 
235 
274 
279 
272 
280 
275 
240 
291 
296 
352 
333 
308 
297 

=============================================
=============================================
