=============================================
2 2 5 3 3 2 5 4 1 0 
4 3 3 5 3 3 2 4 4 5 
4 4 3 5 3 4 5 1 1 2 
3 4 3 4 3 2 3 1 3 1 
3 4 5 2 3 1 2 1 4 5 
5 2 4 5 1 4 2 3 3 5 
4 4 2 3 4 4 1 1 1 3 
3 4 2 1 2 4 2 2 1 2 
1 4 4 1 3 4 5 2 2 4 
2 2 1 2 1 3 1 3 1 5 

=============================================
2 2 5 3 3 2 5 4 1 0 
4 3 3 5 3 3 2 4 4 5 
4 4 3 5 3 4 5 1 1 2 
3 4 3 4 3 2 3 1 3 1 
3 4 5 2 3 1 2 1 4 5 
5 2 4 5 1 4 2 3 3 5 
4 4 2 3 4 4 1 1 1 3 
3 4 2 1 2 4 2 2 1 2 
1 4 4 1 3 4 5 2 2 4 
2 2 1 2 1 3 1 3 1 5 

=============================================

A:
 2 2 5 3 3 2 5 4 1 4 3 3 5 3 3 2 4 4 5 4 4 3 5 3 4 5 1 1 2 3 4 3 4 3 2 3 1 3 1 3 4 5 2 3 1 2 1 4 5 5 2 4 5 1 4 2 3 3 5 4 4 2 3 4 4 1 1 1 3 3 4 2 1 2 4 2 2 1 2 1 4 4 1 3 4 5 2 2 4 2 2 1 2 1 3 1 3 1 5 
JA:
 0 1 2 3 4 5 6 7 8 0 1 2 3 4 5 6 7 8 9 0 1 2 3 4 5 6 7 8 9 0 1 2 3 4 5 6 7 8 9 0 1 2 3 4 5 6 7 8 9 0 1 2 3 4 5 6 7 8 9 0 1 2 3 4 5 6 7 8 9 0 1 2 3 4 5 6 7 8 9 0 1 2 3 4 5 6 7 8 9 0 1 2 3 4 5 6 7 8 9 
Nk:
 0 9 19 29 39 49 59 69 79 89 
=============================================

A:
 2 2 5 3 3 2 5 4 1 4 3 3 5 3 3 2 4 4 5 4 4 3 5 3 4 5 1 1 2 3 4 3 4 3 2 3 1 3 1 3 4 5 2 3 1 2 1 4 5 5 2 4 5 1 4 2 3 3 5 4 4 2 3 4 4 1 1 1 3 3 4 2 1 2 4 2 2 1 2 1 4 4 1 3 4 5 2 2 4 2 2 1 2 1 3 1 3 1 5 
JA:
 0 1 2 3 4 5 6 7 8 0 1 2 3 4 5 6 7 8 9 0 1 2 3 4 5 6 7 8 9 0 1 2 3 4 5 6 7 8 9 0 1 2 3 4 5 6 7 8 9 0 1 2 3 4 5 6 7 8 9 0 1 2 3 4 5 6 7 8 9 0 1 2 3 4 5 6 7 8 9 0 1 2 3 4 5 6 7 8 9 0 1 2 3 4 5 6 7 8 9 
Nk:
 0 9 19 29 39 49 59 69 79 89 
=============================================
97 
89 
93 
76 
74 
85 
65 
60 
85 
46 

=============================================
=============================================
