=============================================
2 2 5 3 3 2 5 4 1 0 
4 3 3 5 3 3 2 4 4 5 
4 4 3 5 3 4 5 1 1 2 
3 4 3 4 3 2 3 1 3 1 
3 4 5 2 3 1 2 1 4 0 
3 0 2 4 5 1 4 2 3 3 
5 4 4 2 3 4 4 0 5 4 
3 3 1 4 3 2 3 2 2 1 
2 1 3 1 1 5 0 4 5 2 
2 4 2 2 1 2 1 3 1 3 

=============================================
2 2 5 3 3 2 5 4 1 0 
4 3 3 5 3 3 2 4 4 5 
4 4 3 5 3 4 5 1 1 2 
3 4 3 4 3 2 3 1 3 1 
3 4 5 2 3 1 2 1 4 0 
3 0 2 4 5 1 4 2 3 3 
5 4 4 2 3 4 4 0 5 4 
3 3 1 4 3 2 3 2 2 1 
2 1 3 1 1 5 0 4 5 2 
2 4 2 2 1 2 1 3 1 3 

=============================================

A:
 2 2 5 3 3 2 5 4 1 4 3 3 5 3 3 2 4 4 5 4 4 3 5 3 4 5 1 1 2 3 4 3 4 3 2 3 1 3 1 3 4 5 2 3 1 2 1 4 3 2 4 5 1 4 2 3 3 5 4 4 2 3 4 4 5 4 3 3 1 4 3 2 3 2 2 1 2 1 3 1 1 5 4 5 2 2 4 2 2 1 2 1 3 1 3 
JA:
 0 1 2 3 4 5 6 7 8 0 1 2 3 4 5 6 7 8 9 0 1 2 3 4 5 6 7 8 9 0 1 2 3 4 5 6 7 8 9 0 1 2 3 4 5 6 7 8 0 2 3 4 5 6 7 8 9 0 1 2 3 4 5 6 8 9 0 1 2 3 4 5 6 7 8 9 0 1 2 3 4 5 7 8 9 0 1 2 3 4 5 6 7 8 9 
Nk:
 0 9 19 29 39 48 57 66 76 85 
=============================================

A:
 2 2 5 3 3 2 5 4 1 4 3 3 5 3 3 2 4 4 5 4 4 3 5 3 4 5 1 1 2 3 4 3 4 3 2 3 1 3 1 3 4 5 2 3 1 2 1 4 3 2 4 5 1 4 2 3 3 5 4 4 2 3 4 4 5 4 3 3 1 4 3 2 3 2 2 1 2 1 3 1 1 5 4 5 2 2 4 2 2 1 2 1 3 1 3 
JA:
 0 1 2 3 4 5 6 7 8 0 1 2 3 4 5 6 7 8 9 0 1 2 3 4 5 6 7 8 9 0 1 2 3 4 5 6 7 8 9 0 1 2 3 4 5 6 7 8 0 2 3 4 5 6 7 8 9 0 1 2 3 4 5 6 8 9 0 1 2 3 4 5 6 7 8 9 0 1 2 3 4 5 7 8 9 0 1 2 3 4 5 6 7 8 9 
Nk:
 0 9 19 29 39 48 57 66 76 85 
=============================================
97 
89 
93 
76 
74 
76 
86 
67 
58 
53 

=============================================
=============================================
