=============================================
2 0 4 2 3 3 2 2 5 0 
0 4 3 3 5 3 3 2 0 5 
5 3 4 2 3 3 2 3 0 1 
1 2 3 4 3 4 3 2 3 1 
3 1 3 4 5 2 3 1 2 1 
4 0 3 0 2 4 0 3 1 5 
2 1 4 3 5 1 4 2 3 3 
5 4 3 3 0 0 4 3 2 3 
2 2 0 1 2 1 4 0 1 5 
0 4 5 2 2 4 2 2 1 2 

=============================================
2 0 4 2 3 3 2 2 5 0 
0 4 3 3 5 3 3 2 0 5 
5 3 4 2 3 3 2 3 0 1 
1 2 3 4 3 4 3 2 3 1 
3 1 3 4 5 2 3 1 2 1 
4 0 3 0 2 4 0 3 1 5 
2 1 4 3 5 1 4 2 3 3 
5 4 3 3 0 0 4 3 2 3 
2 2 0 1 2 1 4 0 1 5 
0 4 5 2 2 4 2 2 1 2 

=============================================

A:
 2 4 2 3 3 2 2 5 4 3 3 5 3 3 2 5 5 3 4 2 3 3 2 3 1 1 2 3 4 3 4 3 2 3 1 3 1 3 4 5 2 3 1 2 1 4 3 2 4 3 1 5 2 1 4 3 5 1 4 2 3 3 5 4 3 3 4 3 2 3 2 2 1 2 1 4 1 5 4 5 2 2 4 2 2 1 2 
JA:
 0 2 3 4 5 6 7 8 1 2 3 4 5 6 7 9 0 1 2 3 4 5 6 7 9 0 1 2 3 4 5 6 7 8 9 0 1 2 3 4 5 6 7 8 9 0 2 4 5 7 8 9 0 1 2 3 4 5 6 7 8 9 0 1 2 3 6 7 8 9 0 1 3 4 5 6 8 9 1 2 3 4 5 6 7 8 9 
Nk:
 0 8 16 25 35 45 52 62 70 78 
=============================================

A:
 2 4 2 3 3 2 2 5 4 3 3 5 3 3 2 5 5 3 4 2 3 3 2 3 1 1 2 3 4 3 4 3 2 3 1 3 1 3 4 5 2 3 1 2 1 4 3 2 4 3 1 5 2 1 4 3 5 1 4 2 3 3 5 4 3 3 4 3 2 3 2 2 1 2 1 4 1 5 4 5 2 2 4 2 2 1 2 
JA:
 0 2 3 4 5 6 7 8 1 2 3 4 5 6 7 9 0 1 2 3 4 5 6 7 9 0 1 2 3 4 5 6 7 8 9 0 1 2 3 4 5 6 7 8 9 0 2 4 5 7 8 9 0 1 2 3 4 5 6 7 8 9 0 1 2 3 6 7 8 9 0 1 3 4 5 6 8 9 1 2 3 4 5 6 7 8 9 
Nk:
 0 8 16 25 35 45 52 62 70 78 
=============================================
75 
52 
58 
68 
65 
49 
71 
52 
28 
55 

=============================================
=============================================
