=============================================
2 2 5 3 3 2 5 4 1 0 4 3 3 5 3 3 2 4 4 5 4 4 3 5 3 4 5 1 1 2 3 4 3 4 3 2 3 1 3 1 3 4 5 2 3 1 2 1 4 5 
5 2 4 5 1 4 2 3 3 5 4 4 2 3 4 4 1 1 1 3 3 4 2 1 2 4 2 2 1 2 1 4 4 1 3 4 5 2 2 4 2 2 1 2 1 3 1 3 1 5 
4 2 2 3 4 3 0 4 2 3 1 3 5 3 3 2 3 3 5 1 1 2 5 1 4 1 3 4 2 4 4 1 4 2 4 1 2 4 3 0 3 3 4 1 1 1 3 4 2 4 
2 2 1 3 4 3 1 5 1 2 2 3 2 2 2 1 5 2 5 2 5 2 5 2 3 2 3 1 3 5 5 1 3 3 5 3 4 3 5 3 3 3 3 3 3 3 4 3 1 2 
2 3 3 2 4 3 4 5 2 5 2 1 3 2 1 5 5 3 4 5 5 4 1 3 3 4 3 2 1 4 4 2 4 5 2 5 4 1 5 1 4 0 2 3 3 2 3 1 1 3 
5 3 1 4 4 4 2 1 2 1 4 1 0 1 4 1 3 5 1 5 3 3 4 2 4 1 2 5 1 3 1 3 5 3 0 2 2 5 2 2 1 5 3 4 1 2 3 1 5 2 
2 2 1 5 2 3 2 3 5 5 4 5 1 2 4 3 5 2 1 5 3 5 2 3 1 3 1 1 1 3 0 5 1 4 3 1 3 4 1 3 3 5 2 1 1 1 0 3 5 2 
2 4 2 1 4 1 2 1 2 3 2 1 3 1 2 1 2 1 3 1 5 2 2 5 3 3 1 1 3 3 5 5 4 1 2 4 4 5 4 1 3 4 1 5 2 4 1 4 2 2 
3 2 3 4 2 5 2 1 4 1 5 5 2 2 5 2 1 5 3 5 5 0 3 4 1 1 5 4 4 3 3 0 5 2 1 4 5 2 5 2 2 1 2 1 5 1 3 2 2 2 
4 3 5 5 4 1 5 2 5 1 4 1 1 4 1 5 3 2 4 5 4 1 2 5 2 2 5 1 5 5 2 1 1 4 5 5 3 5 5 2 2 1 3 5 5 1 5 3 5 3 
3 3 5 3 4 2 5 1 4 3 4 2 1 3 4 1 4 5 2 4 5 5 2 5 4 2 1 5 4 1 3 5 1 3 5 2 0 1 2 2 5 3 2 5 1 5 3 4 5 2 
5 5 4 2 3 3 2 3 2 5 2 2 3 4 5 3 1 5 4 3 3 1 2 5 2 3 2 4 2 5 1 1 5 3 2 1 3 3 3 1 3 1 2 1 3 2 5 5 2 5 
2 5 2 1 1 5 5 5 1 3 2 3 2 1 4 3 2 5 1 2 5 2 2 5 1 3 5 5 1 5 1 5 0 1 4 1 2 3 1 4 5 4 2 5 3 4 4 3 3 4 
1 4 5 4 5 2 4 2 3 2 3 5 5 3 5 2 4 5 2 2 2 4 3 4 2 3 3 4 4 5 4 4 2 3 5 3 2 2 3 4 3 5 2 3 1 1 2 1 1 3 
2 5 2 5 5 3 5 5 4 5 1 4 4 1 5 5 1 5 4 1 1 4 4 5 2 5 5 4 2 1 1 3 3 5 2 2 2 5 4 1 1 5 4 4 3 2 3 3 4 2 
4 5 4 4 3 3 3 2 3 3 3 2 5 1 2 5 5 5 2 1 0 5 5 1 2 4 4 2 4 2 5 5 1 3 4 3 5 4 2 2 1 0 1 2 3 3 4 5 4 5 
2 4 3 4 1 5 2 0 2 4 5 2 4 5 3 5 5 1 3 5 5 5 4 5 3 4 5 2 4 5 2 1 5 2 3 4 4 1 2 4 5 2 4 4 5 4 4 1 1 4 
4 4 4 1 3 1 4 3 2 5 5 1 0 3 4 5 4 4 4 2 2 5 5 4 0 4 3 4 1 2 3 5 2 1 3 2 2 4 5 2 3 1 5 1 3 1 5 0 2 1 
3 1 5 5 4 1 5 2 4 4 2 4 2 5 3 5 4 5 1 2 1 3 4 1 1 2 1 3 4 5 5 4 2 3 4 1 5 4 4 3 2 4 1 2 1 1 4 5 1 1 
4 1 1 4 2 2 1 4 3 3 5 5 1 1 4 2 1 2 2 4 4 5 1 2 2 5 4 5 3 4 2 4 2 5 4 5 4 4 3 3 3 3 4 4 1 3 4 1 1 1 
5 3 3 2 2 5 3 1 1 4 5 2 2 4 1 3 1 3 2 3 4 5 4 4 4 0 3 5 1 1 4 3 1 3 3 5 5 3 2 5 3 1 2 3 4 2 3 3 1 2 
3 1 3 5 3 3 4 2 4 5 2 3 1 2 2 5 2 2 2 5 4 3 2 1 2 3 4 5 4 1 2 5 4 3 4 3 3 5 2 1 3 2 2 1 2 4 4 4 1 5 
5 5 5 5 3 3 1 2 1 4 3 2 5 4 4 3 2 1 3 4 1 2 4 4 0 2 3 2 5 2 4 5 1 1 2 4 5 2 2 3 5 3 4 3 5 4 5 5 5 5 
4 3 4 4 4 1 3 4 1 1 4 1 4 4 2 5 1 2 5 3 4 3 3 2 1 4 2 5 1 4 1 5 5 1 3 4 3 1 5 2 2 2 2 2 5 2 3 2 3 2 
4 5 4 5 3 5 4 1 4 5 5 2 3 5 0 3 3 5 3 2 2 3 3 5 4 4 3 1 0 1 2 5 4 3 3 3 2 5 0 5 3 1 4 4 3 1 1 5 5 1 
3 5 1 1 3 2 1 3 4 4 5 1 5 1 5 2 1 3 3 3 1 4 5 2 3 2 1 3 2 2 4 2 5 1 4 5 3 3 3 3 1 3 1 2 2 2 4 2 5 1 
1 1 5 4 2 1 2 5 1 5 2 4 1 0 5 1 5 2 2 5 3 2 2 1 4 1 2 1 4 2 2 5 1 2 0 3 4 5 4 2 4 3 0 0 3 1 3 2 2 2 
5 1 1 1 1 3 3 4 5 4 4 2 2 3 3 2 1 3 1 3 1 1 1 1 3 4 1 5 5 4 5 3 1 5 4 3 1 5 4 3 2 1 5 3 4 5 3 2 3 4 
5 4 3 4 5 5 1 2 2 5 5 2 2 2 1 4 1 3 3 5 2 2 1 2 2 4 5 4 3 4 3 5 4 1 4 3 2 1 3 4 3 5 3 1 5 3 1 4 1 5 
2 5 4 1 2 2 4 2 3 3 2 4 3 3 2 3 2 4 2 2 2 3 5 5 4 4 1 4 5 3 4 4 4 3 2 4 1 5 3 1 1 5 4 3 5 2 2 1 3 1 
3 4 3 3 0 3 3 5 2 5 5 4 3 1 4 4 3 5 3 5 3 1 3 3 1 4 5 1 4 0 4 3 3 4 5 1 2 3 4 3 5 4 1 3 3 4 1 3 3 2 
2 4 4 5 5 4 4 1 2 5 3 1 2 5 3 3 1 2 5 0 4 4 2 4 4 2 5 5 4 4 5 4 2 3 2 4 3 5 3 4 3 2 2 2 4 1 2 5 3 2 
4 2 4 2 4 2 1 5 1 4 3 3 2 3 1 2 3 1 1 4 4 5 3 3 2 3 1 4 4 4 4 4 3 1 3 2 1 5 3 1 4 1 5 2 2 5 5 2 3 4 
5 3 1 2 2 1 2 3 2 2 4 4 5 1 4 2 3 5 4 3 3 5 2 4 5 3 1 2 5 4 2 4 2 1 4 2 3 1 1 4 1 4 2 2 3 2 1 4 3 4 
4 3 2 2 1 1 1 3 3 2 5 4 4 3 3 3 3 1 2 2 2 4 4 3 5 3 2 5 2 3 1 4 2 1 5 3 1 2 5 2 3 4 4 1 3 5 1 5 3 4 
5 2 4 4 5 2 1 2 3 2 5 2 3 5 4 3 1 3 5 3 5 4 3 4 3 4 5 5 4 3 1 2 5 3 0 1 1 4 3 3 5 4 4 3 4 1 1 0 4 1 
3 0 3 3 2 5 5 4 3 3 3 5 2 2 3 2 4 5 2 1 4 2 2 3 4 3 2 4 1 4 3 5 5 0 1 5 3 3 1 5 5 1 5 5 2 0 1 1 1 5 
3 5 3 4 5 3 4 0 2 1 4 2 3 4 4 1 4 4 5 3 4 5 1 0 3 5 1 4 1 5 5 1 3 3 4 0 4 2 2 1 1 3 3 3 3 3 5 1 2 1 
4 2 5 5 4 4 2 1 4 2 1 1 3 3 4 1 3 1 4 4 4 5 2 1 4 2 3 1 1 5 5 0 4 3 2 3 3 4 3 4 1 2 5 3 3 5 4 5 4 1 
5 1 2 3 3 4 5 1 3 1 5 5 5 2 2 4 4 2 2 5 1 1 2 1 1 2 5 2 1 1 3 2 4 5 3 3 1 5 1 4 4 5 1 2 0 4 4 0 2 5 
1 5 4 4 1 5 2 1 3 1 5 4 2 4 4 4 2 5 2 4 1 3 3 4 1 3 2 3 3 1 5 3 1 4 1 3 1 2 4 3 1 3 5 0 3 4 4 5 4 5 
5 4 4 2 3 0 1 1 4 2 4 3 4 5 2 5 3 4 0 3 1 1 5 2 2 2 2 3 5 4 3 5 2 4 5 3 2 3 3 1 5 1 5 5 4 4 3 5 3 4 
5 3 4 4 4 3 3 2 3 3 4 5 2 1 1 3 3 2 3 4 2 2 1 5 1 2 2 3 2 5 4 5 4 5 3 3 3 2 4 3 5 2 2 2 4 3 4 1 3 5 
4 3 5 2 1 4 5 1 5 3 3 1 2 5 5 3 1 1 5 5 3 4 4 2 4 1 5 4 3 4 1 2 2 2 4 2 5 4 1 2 2 4 2 5 4 3 4 1 5 2 
2 2 3 2 4 1 2 4 3 5 2 2 5 2 3 3 1 3 5 4 0 5 2 1 3 1 2 2 3 1 2 2 3 1 4 5 3 5 1 5 2 1 4 4 3 3 1 4 3 1 
4 1 3 5 2 1 4 5 3 3 1 5 1 3 3 2 1 1 3 5 4 1 1 4 4 2 3 5 2 4 4 1 3 1 3 3 4 1 1 4 2 1 2 0 3 5 1 4 5 1 
5 3 0 2 3 5 1 5 3 4 5 3 5 4 4 3 1 4 1 4 2 3 4 1 4 5 2 3 4 4 5 3 2 4 1 4 2 4 2 2 1 1 2 5 1 5 5 1 0 2 
2 2 1 3 1 1 3 3 1 1 5 4 1 3 4 0 5 5 3 5 1 2 1 5 2 3 3 3 5 5 2 3 2 1 5 3 3 2 4 1 0 5 5 1 3 3 3 4 1 1 
1 1 5 1 2 2 5 1 4 3 5 2 1 2 1 2 0 5 3 4 3 5 4 3 3 1 2 1 5 2 2 2 2 5 2 5 4 4 1 3 3 2 2 4 3 3 3 2 3 3 
3 3 3 4 2 5 1 3 4 2 5 3 2 4 2 1 2 1 2 4 5 2 1 1 3 4 5 2 2 1 2 1 2 1 5 2 5 3 5 1 4 4 5 4 1 3 3 3 5 3 

=============================================
2 2 5 3 3 2 5 4 1 0 4 3 3 5 3 3 2 4 4 5 4 4 3 5 3 4 5 1 1 2 3 4 3 4 3 2 3 1 3 1 3 4 5 2 3 1 2 1 4 5 
5 2 4 5 1 4 2 3 3 5 4 4 2 3 4 4 1 1 1 3 3 4 2 1 2 4 2 2 1 2 1 4 4 1 3 4 5 2 2 4 2 2 1 2 1 3 1 3 1 5 
4 2 2 3 4 3 0 4 2 3 1 3 5 3 3 2 3 3 5 1 1 2 5 1 4 1 3 4 2 4 4 1 4 2 4 1 2 4 3 0 3 3 4 1 1 1 3 4 2 4 
2 2 1 3 4 3 1 5 1 2 2 3 2 2 2 1 5 2 5 2 5 2 5 2 3 2 3 1 3 5 5 1 3 3 5 3 4 3 5 3 3 3 3 3 3 3 4 3 1 2 
2 3 3 2 4 3 4 5 2 5 2 1 3 2 1 5 5 3 4 5 5 4 1 3 3 4 3 2 1 4 4 2 4 5 2 5 4 1 5 1 4 0 2 3 3 2 3 1 1 3 
5 3 1 4 4 4 2 1 2 1 4 1 0 1 4 1 3 5 1 5 3 3 4 2 4 1 2 5 1 3 1 3 5 3 0 2 2 5 2 2 1 5 3 4 1 2 3 1 5 2 
2 2 1 5 2 3 2 3 5 5 4 5 1 2 4 3 5 2 1 5 3 5 2 3 1 3 1 1 1 3 0 5 1 4 3 1 3 4 1 3 3 5 2 1 1 1 0 3 5 2 
2 4 2 1 4 1 2 1 2 3 2 1 3 1 2 1 2 1 3 1 5 2 2 5 3 3 1 1 3 3 5 5 4 1 2 4 4 5 4 1 3 4 1 5 2 4 1 4 2 2 
3 2 3 4 2 5 2 1 4 1 5 5 2 2 5 2 1 5 3 5 5 0 3 4 1 1 5 4 4 3 3 0 5 2 1 4 5 2 5 2 2 1 2 1 5 1 3 2 2 2 
4 3 5 5 4 1 5 2 5 1 4 1 1 4 1 5 3 2 4 5 4 1 2 5 2 2 5 1 5 5 2 1 1 4 5 5 3 5 5 2 2 1 3 5 5 1 5 3 5 3 
3 3 5 3 4 2 5 1 4 3 4 2 1 3 4 1 4 5 2 4 5 5 2 5 4 2 1 5 4 1 3 5 1 3 5 2 0 1 2 2 5 3 2 5 1 5 3 4 5 2 
5 5 4 2 3 3 2 3 2 5 2 2 3 4 5 3 1 5 4 3 3 1 2 5 2 3 2 4 2 5 1 1 5 3 2 1 3 3 3 1 3 1 2 1 3 2 5 5 2 5 
2 5 2 1 1 5 5 5 1 3 2 3 2 1 4 3 2 5 1 2 5 2 2 5 1 3 5 5 1 5 1 5 0 1 4 1 2 3 1 4 5 4 2 5 3 4 4 3 3 4 
1 4 5 4 5 2 4 2 3 2 3 5 5 3 5 2 4 5 2 2 2 4 3 4 2 3 3 4 4 5 4 4 2 3 5 3 2 2 3 4 3 5 2 3 1 1 2 1 1 3 
2 5 2 5 5 3 5 5 4 5 1 4 4 1 5 5 1 5 4 1 1 4 4 5 2 5 5 4 2 1 1 3 3 5 2 2 2 5 4 1 1 5 4 4 3 2 3 3 4 2 
4 5 4 4 3 3 3 2 3 3 3 2 5 1 2 5 5 5 2 1 0 5 5 1 2 4 4 2 4 2 5 5 1 3 4 3 5 4 2 2 1 0 1 2 3 3 4 5 4 5 
2 4 3 4 1 5 2 0 2 4 5 2 4 5 3 5 5 1 3 5 5 5 4 5 3 4 5 2 4 5 2 1 5 2 3 4 4 1 2 4 5 2 4 4 5 4 4 1 1 4 
4 4 4 1 3 1 4 3 2 5 5 1 0 3 4 5 4 4 4 2 2 5 5 4 0 4 3 4 1 2 3 5 2 1 3 2 2 4 5 2 3 1 5 1 3 1 5 0 2 1 
3 1 5 5 4 1 5 2 4 4 2 4 2 5 3 5 4 5 1 2 1 3 4 1 1 2 1 3 4 5 5 4 2 3 4 1 5 4 4 3 2 4 1 2 1 1 4 5 1 1 
4 1 1 4 2 2 1 4 3 3 5 5 1 1 4 2 1 2 2 4 4 5 1 2 2 5 4 5 3 4 2 4 2 5 4 5 4 4 3 3 3 3 4 4 1 3 4 1 1 1 
5 3 3 2 2 5 3 1 1 4 5 2 2 4 1 3 1 3 2 3 4 5 4 4 4 0 3 5 1 1 4 3 1 3 3 5 5 3 2 5 3 1 2 3 4 2 3 3 1 2 
3 1 3 5 3 3 4 2 4 5 2 3 1 2 2 5 2 2 2 5 4 3 2 1 2 3 4 5 4 1 2 5 4 3 4 3 3 5 2 1 3 2 2 1 2 4 4 4 1 5 
5 5 5 5 3 3 1 2 1 4 3 2 5 4 4 3 2 1 3 4 1 2 4 4 0 2 3 2 5 2 4 5 1 1 2 4 5 2 2 3 5 3 4 3 5 4 5 5 5 5 
4 3 4 4 4 1 3 4 1 1 4 1 4 4 2 5 1 2 5 3 4 3 3 2 1 4 2 5 1 4 1 5 5 1 3 4 3 1 5 2 2 2 2 2 5 2 3 2 3 2 
4 5 4 5 3 5 4 1 4 5 5 2 3 5 0 3 3 5 3 2 2 3 3 5 4 4 3 1 0 1 2 5 4 3 3 3 2 5 0 5 3 1 4 4 3 1 1 5 5 1 
3 5 1 1 3 2 1 3 4 4 5 1 5 1 5 2 1 3 3 3 1 4 5 2 3 2 1 3 2 2 4 2 5 1 4 5 3 3 3 3 1 3 1 2 2 2 4 2 5 1 
1 1 5 4 2 1 2 5 1 5 2 4 1 0 5 1 5 2 2 5 3 2 2 1 4 1 2 1 4 2 2 5 1 2 0 3 4 5 4 2 4 3 0 0 3 1 3 2 2 2 
5 1 1 1 1 3 3 4 5 4 4 2 2 3 3 2 1 3 1 3 1 1 1 1 3 4 1 5 5 4 5 3 1 5 4 3 1 5 4 3 2 1 5 3 4 5 3 2 3 4 
5 4 3 4 5 5 1 2 2 5 5 2 2 2 1 4 1 3 3 5 2 2 1 2 2 4 5 4 3 4 3 5 4 1 4 3 2 1 3 4 3 5 3 1 5 3 1 4 1 5 
2 5 4 1 2 2 4 2 3 3 2 4 3 3 2 3 2 4 2 2 2 3 5 5 4 4 1 4 5 3 4 4 4 3 2 4 1 5 3 1 1 5 4 3 5 2 2 1 3 1 
3 4 3 3 0 3 3 5 2 5 5 4 3 1 4 4 3 5 3 5 3 1 3 3 1 4 5 1 4 0 4 3 3 4 5 1 2 3 4 3 5 4 1 3 3 4 1 3 3 2 
2 4 4 5 5 4 4 1 2 5 3 1 2 5 3 3 1 2 5 0 4 4 2 4 4 2 5 5 4 4 5 4 2 3 2 4 3 5 3 4 3 2 2 2 4 1 2 5 3 2 
4 2 4 2 4 2 1 5 1 4 3 3 2 3 1 2 3 1 1 4 4 5 3 3 2 3 1 4 4 4 4 4 3 1 3 2 1 5 3 1 4 1 5 2 2 5 5 2 3 4 
5 3 1 2 2 1 2 3 2 2 4 4 5 1 4 2 3 5 4 3 3 5 2 4 5 3 1 2 5 4 2 4 2 1 4 2 3 1 1 4 1 4 2 2 3 2 1 4 3 4 
4 3 2 2 1 1 1 3 3 2 5 4 4 3 3 3 3 1 2 2 2 4 4 3 5 3 2 5 2 3 1 4 2 1 5 3 1 2 5 2 3 4 4 1 3 5 1 5 3 4 
5 2 4 4 5 2 1 2 3 2 5 2 3 5 4 3 1 3 5 3 5 4 3 4 3 4 5 5 4 3 1 2 5 3 0 1 1 4 3 3 5 4 4 3 4 1 1 0 4 1 
3 0 3 3 2 5 5 4 3 3 3 5 2 2 3 2 4 5 2 1 4 2 2 3 4 3 2 4 1 4 3 5 5 0 1 5 3 3 1 5 5 1 5 5 2 0 1 1 1 5 
3 5 3 4 5 3 4 0 2 1 4 2 3 4 4 1 4 4 5 3 4 5 1 0 3 5 1 4 1 5 5 1 3 3 4 0 4 2 2 1 1 3 3 3 3 3 5 1 2 1 
4 2 5 5 4 4 2 1 4 2 1 1 3 3 4 1 3 1 4 4 4 5 2 1 4 2 3 1 1 5 5 0 4 3 2 3 3 4 3 4 1 2 5 3 3 5 4 5 4 1 
5 1 2 3 3 4 5 1 3 1 5 5 5 2 2 4 4 2 2 5 1 1 2 1 1 2 5 2 1 1 3 2 4 5 3 3 1 5 1 4 4 5 1 2 0 4 4 0 2 5 
1 5 4 4 1 5 2 1 3 1 5 4 2 4 4 4 2 5 2 4 1 3 3 4 1 3 2 3 3 1 5 3 1 4 1 3 1 2 4 3 1 3 5 0 3 4 4 5 4 5 
5 4 4 2 3 0 1 1 4 2 4 3 4 5 2 5 3 4 0 3 1 1 5 2 2 2 2 3 5 4 3 5 2 4 5 3 2 3 3 1 5 1 5 5 4 4 3 5 3 4 
5 3 4 4 4 3 3 2 3 3 4 5 2 1 1 3 3 2 3 4 2 2 1 5 1 2 2 3 2 5 4 5 4 5 3 3 3 2 4 3 5 2 2 2 4 3 4 1 3 5 
4 3 5 2 1 4 5 1 5 3 3 1 2 5 5 3 1 1 5 5 3 4 4 2 4 1 5 4 3 4 1 2 2 2 4 2 5 4 1 2 2 4 2 5 4 3 4 1 5 2 
2 2 3 2 4 1 2 4 3 5 2 2 5 2 3 3 1 3 5 4 0 5 2 1 3 1 2 2 3 1 2 2 3 1 4 5 3 5 1 5 2 1 4 4 3 3 1 4 3 1 
4 1 3 5 2 1 4 5 3 3 1 5 1 3 3 2 1 1 3 5 4 1 1 4 4 2 3 5 2 4 4 1 3 1 3 3 4 1 1 4 2 1 2 0 3 5 1 4 5 1 
5 3 0 2 3 5 1 5 3 4 5 3 5 4 4 3 1 4 1 4 2 3 4 1 4 5 2 3 4 4 5 3 2 4 1 4 2 4 2 2 1 1 2 5 1 5 5 1 0 2 
2 2 1 3 1 1 3 3 1 1 5 4 1 3 4 0 5 5 3 5 1 2 1 5 2 3 3 3 5 5 2 3 2 1 5 3 3 2 4 1 0 5 5 1 3 3 3 4 1 1 
1 1 5 1 2 2 5 1 4 3 5 2 1 2 1 2 0 5 3 4 3 5 4 3 3 1 2 1 5 2 2 2 2 5 2 5 4 4 1 3 3 2 2 4 3 3 3 2 3 3 
3 3 3 4 2 5 1 3 4 2 5 3 2 4 2 1 2 1 2 4 5 2 1 1 3 4 5 2 2 1 2 1 2 1 5 2 5 3 5 1 4 4 5 4 1 3 3 3 5 3 

=============================================

A:
 2 2 5 3 3 2 5 4 1 4 3 3 5 3 3 2 4 4 5 4 4 3 5 3 4 5 1 1 2 3 4 3 4 3 2 3 1 3 1 3 4 5 2 3 1 2 1 4 5 5 2 4 5 1 4 2 3 3 5 4 4 2 3 4 4 1 1 1 3 3 4 2 1 2 4 2 2 1 2 1 4 4 1 3 4 5 2 2 4 2 2 1 2 1 3 1 3 1 5 4 2 2 3 4 3 4 2 3 1 3 5 3 3 2 3 3 5 1 1 2 5 1 4 1 3 4 2 4 4 1 4 2 4 1 2 4 3 3 3 4 1 1 1 3 4 2 4 2 2 1 3 4 3 1 5 1 2 2 3 2 2 2 1 5 2 5 2 5 2 5 2 3 2 3 1 3 5 5 1 3 3 5 3 4 3 5 3 3 3 3 3 3 3 4 3 1 2 2 3 3 2 4 3 4 5 2 5 2 1 3 2 1 5 5 3 4 5 5 4 1 3 3 4 3 2 1 4 4 2 4 5 2 5 4 1 5 1 4 2 3 3 2 3 1 1 3 5 3 1 4 4 4 2 1 2 1 4 1 1 4 1 3 5 1 5 3 3 4 2 4 1 2 5 1 3 1 3 5 3 2 2 5 2 2 1 5 3 4 1 2 3 1 5 2 2 2 1 5 2 3 2 3 5 5 4 5 1 2 4 3 5 2 1 5 3 5 2 3 1 3 1 1 1 3 5 1 4 3 1 3 4 1 3 3 5 2 1 1 1 3 5 2 2 4 2 1 4 1 2 1 2 3 2 1 3 1 2 1 2 1 3 1 5 2 2 5 3 3 1 1 3 3 5 5 4 1 2 4 4 5 4 1 3 4 1 5 2 4 1 4 2 2 3 2 3 4 2 5 2 1 4 1 5 5 2 2 5 2 1 5 3 5 5 3 4 1 1 5 4 4 3 3 5 2 1 4 5 2 5 2 2 1 2 1 5 1 3 2 2 2 4 3 5 5 4 1 5 2 5 1 4 1 1 4 1 5 3 2 4 5 4 1 2 5 2 2 5 1 5 5 2 1 1 4 5 5 3 5 5 2 2 1 3 5 5 1 5 3 5 3 3 3 5 3 4 2 5 1 4 3 4 2 1 3 4 1 4 5 2 4 5 5 2 5 4 2 1 5 4 1 3 5 1 3 5 2 1 2 2 5 3 2 5 1 5 3 4 5 2 5 5 4 2 3 3 2 3 2 5 2 2 3 4 5 3 1 5 4 3 3 1 2 5 2 3 2 4 2 5 1 1 5 3 2 1 3 3 3 1 3 1 2 1 3 2 5 5 2 5 2 5 2 1 1 5 5 5 1 3 2 3 2 1 4 3 2 5 1 2 5 2 2 5 1 3 5 5 1 5 1 5 1 4 1 2 3 1 4 5 4 2 5 3 4 4 3 3 4 1 4 5 4 5 2 4 2 3 2 3 5 5 3 5 2 4 5 2 2 2 4 3 4 2 3 3 4 4 5 4 4 2 3 5 3 2 2 3 4 3 5 2 3 1 1 2 1 1 3 2 5 2 5 5 3 5 5 4 5 1 4 4 1 5 5 1 5 4 1 1 4 4 5 2 5 5 4 2 1 1 3 3 5 2 2 2 5 4 1 1 5 4 4 3 2 3 3 4 2 4 5 4 4 3 3 3 2 3 3 3 2 5 1 2 5 5 5 2 1 5 5 1 2 4 4 2 4 2 5 5 1 3 4 3 5 4 2 2 1 1 2 3 3 4 5 4 5 2 4 3 4 1 5 2 2 4 5 2 4 5 3 5 5 1 3 5 5 5 4 5 3 4 5 2 4 5 2 1 5 2 3 4 4 1 2 4 5 2 4 4 5 4 4 1 1 4 4 4 4 1 3 1 4 3 2 5 5 1 3 4 5 4 4 4 2 2 5 5 4 4 3 4 1 2 3 5 2 1 3 2 2 4 5 2 3 1 5 1 3 1 5 2 1 3 1 5 5 4 1 5 2 4 4 2 4 2 5 3 5 4 5 1 2 1 3 4 1 1 2 1 3 4 5 5 4 2 3 4 1 5 4 4 3 2 4 1 2 1 1 4 5 1 1 4 1 1 4 2 2 1 4 3 3 5 5 1 1 4 2 1 2 2 4 4 5 1 2 2 5 4 5 3 4 2 4 2 5 4 5 4 4 3 3 3 3 4 4 1 3 4 1 1 1 5 3 3 2 2 5 3 1 1 4 5 2 2 4 1 3 1 3 2 3 4 5 4 4 4 3 5 1 1 4 3 1 3 3 5 5 3 2 5 3 1 2 3 4 2 3 3 1 2 3 1 3 5 3 3 4 2 4 5 2 3 1 2 2 5 2 2 2 5 4 3 2 1 2 3 4 5 4 1 2 5 4 3 4 3 3 5 2 1 3 2 2 1 2 4 4 4 1 5 5 5 5 5 3 3 1 2 1 4 3 2 5 4 4 3 2 1 3 4 1 2 4 4 2 3 2 5 2 4 5 1 1 2 4 5 2 2 3 5 3 4 3 5 4 5 5 5 5 4 3 4 4 4 1 3 4 1 1 4 1 4 4 2 5 1 2 5 3 4 3 3 2 1 4 2 5 1 4 1 5 5 1 3 4 3 1 5 2 2 2 2 2 5 2 3 2 3 2 4 5 4 5 3 5 4 1 4 5 5 2 3 5 3 3 5 3 2 2 3 3 5 4 4 3 1 1 2 5 4 3 3 3 2 5 5 3 1 4 4 3 1 1 5 5 1 3 5 1 1 3 2 1 3 4 4 5 1 5 1 5 2 1 3 3 3 1 4 5 2 3 2 1 3 2 2 4 2 5 1 4 5 3 3 3 3 1 3 1 2 2 2 4 2 5 1 1 1 5 4 2 1 2 5 1 5 2 4 1 5 1 5 2 2 5 3 2 2 1 4 1 2 1 4 2 2 5 1 2 3 4 5 4 2 4 3 3 1 3 2 2 2 5 1 1 1 1 3 3 4 5 4 4 2 2 3 3 2 1 3 1 3 1 1 1 1 3 4 1 5 5 4 5 3 1 5 4 3 1 5 4 3 2 1 5 3 4 5 3 2 3 4 5 4 3 4 5 5 1 2 2 5 5 2 2 2 1 4 1 3 3 5 2 2 1 2 2 4 5 4 3 4 3 5 4 1 4 3 2 1 3 4 3 5 3 1 5 3 1 4 1 5 2 5 4 1 2 2 4 2 3 3 2 4 3 3 2 3 2 4 2 2 2 3 5 5 4 4 1 4 5 3 4 4 4 3 2 4 1 5 3 1 1 5 4 3 5 2 2 1 3 1 3 4 3 3 3 3 5 2 5 5 4 3 1 4 4 3 5 3 5 3 1 3 3 1 4 5 1 4 4 3 3 4 5 1 2 3 4 3 5 4 1 3 3 4 1 3 3 2 2 4 4 5 5 4 4 1 2 5 3 1 2 5 3 3 1 2 5 4 4 2 4 4 2 5 5 4 4 5 4 2 3 2 4 3 5 3 4 3 2 2 2 4 1 2 5 3 2 4 2 4 2 4 2 1 5 1 4 3 3 2 3 1 2 3 1 1 4 4 5 3 3 2 3 1 4 4 4 4 4 3 1 3 2 1 5 3 1 4 1 5 2 2 5 5 2 3 4 5 3 1 2 2 1 2 3 2 2 4 4 5 1 4 2 3 5 4 3 3 5 2 4 5 3 1 2 5 4 2 4 2 1 4 2 3 1 1 4 1 4 2 2 3 2 1 4 3 4 4 3 2 2 1 1 1 3 3 2 5 4 4 3 3 3 3 1 2 2 2 4 4 3 5 3 2 5 2 3 1 4 2 1 5 3 1 2 5 2 3 4 4 1 3 5 1 5 3 4 5 2 4 4 5 2 1 2 3 2 5 2 3 5 4 3 1 3 5 3 5 4 3 4 3 4 5 5 4 3 1 2 5 3 1 1 4 3 3 5 4 4 3 4 1 1 4 1 3 3 3 2 5 5 4 3 3 3 5 2 2 3 2 4 5 2 1 4 2 2 3 4 3 2 4 1 4 3 5 5 1 5 3 3 1 5 5 1 5 5 2 1 1 1 5 3 5 3 4 5 3 4 2 1 4 2 3 4 4 1 4 4 5 3 4 5 1 3 5 1 4 1 5 5 1 3 3 4 4 2 2 1 1 3 3 3 3 3 5 1 2 1 4 2 5 5 4 4 2 1 4 2 1 1 3 3 4 1 3 1 4 4 4 5 2 1 4 2 3 1 1 5 5 4 3 2 3 3 4 3 4 1 2 5 3 3 5 4 5 4 1 5 1 2 3 3 4 5 1 3 1 5 5 5 2 2 4 4 2 2 5 1 1 2 1 1 2 5 2 1 1 3 2 4 5 3 3 1 5 1 4 4 5 1 2 4 4 2 5 1 5 4 4 1 5 2 1 3 1 5 4 2 4 4 4 2 5 2 4 1 3 3 4 1 3 2 3 3 1 5 3 1 4 1 3 1 2 4 3 1 3 5 3 4 4 5 4 5 5 4 4 2 3 1 1 4 2 4 3 4 5 2 5 3 4 3 1 1 5 2 2 2 2 3 5 4 3 5 2 4 5 3 2 3 3 1 5 1 5 5 4 4 3 5 3 4 5 3 4 4 4 3 3 2 3 3 4 5 2 1 1 3 3 2 3 4 2 2 1 5 1 2 2 3 2 5 4 5 4 5 3 3 3 2 4 3 5 2 2 2 4 3 4 1 3 5 4 3 5 2 1 4 5 1 5 3 3 1 2 5 5 3 1 1 5 5 3 4 4 2 4 1 5 4 3 4 1 2 2 2 4 2 5 4 1 2 2 4 2 5 4 3 4 1 5 2 2 2 3 2 4 1 2 4 3 5 2 2 5 2 3 3 1 3 5 4 5 2 1 3 1 2 2 3 1 2 2 3 1 4 5 3 5 1 5 2 1 4 4 3 3 1 4 3 1 4 1 3 5 2 1 4 5 3 3 1 5 1 3 3 2 1 1 3 5 4 1 1 4 4 2 3 5 2 4 4 1 3 1 3 3 4 1 1 4 2 1 2 3 5 1 4 5 1 5 3 2 3 5 1 5 3 4 5 3 5 4 4 3 1 4 1 4 2 3 4 1 4 5 2 3 4 4 5 3 2 4 1 4 2 4 2 2 1 1 2 5 1 5 5 1 2 2 2 1 3 1 1 3 3 1 1 5 4 1 3 4 5 5 3 5 1 2 1 5 2 3 3 3 5 5 2 3 2 1 5 3 3 2 4 1 5 5 1 3 3 3 4 1 1 1 1 5 1 2 2 5 1 4 3 5 2 1 2 1 2 5 3 4 3 5 4 3 3 1 2 1 5 2 2 2 2 5 2 5 4 4 1 3 3 2 2 4 3 3 3 2 3 3 3 3 3 4 2 5 1 3 4 2 5 3 2 4 2 1 2 1 2 4 5 2 1 1 3 4 5 2 2 1 2 1 2 1 5 2 5 3 5 1 4 4 5 4 1 3 3 3 5 3 
JA:
 0 1 2 3 4 5 6 7 8 10 11 12 13 14 15 16 17 18 19 20 21 22 23 24 25 26 27 28 29 30 31 32 33 34 35 36 37 38 39 40 41 42 43 44 45 46 47 48 49 0 1 2 3 4 5 6 7 8 9 10 11 12 13 14 15 16 17 18 19 20 21 22 23 24 25 26 27 28 29 30 31 32 33 34 35 36 37 38 39 40 41 42 43 44 45 46 47 48 49 0 1 2 3 4 5 7 8 9 10 11 12 13 14 15 16 17 18 19 20 21 22 23 24 25 26 27 28 29 30 31 32 33 34 35 36 37 38 40 41 42 43 44 45 46 47 48 49 0 1 2 3 4 5 6 7 8 9 10 11 12 13 14 15 16 17 18 19 20 21 22 23 24 25 26 27 28 29 30 31 32 33 34 35 36 37 38 39 40 41 42 43 44 45 46 47 48 49 0 1 2 3 4 5 6 7 8 9 10 11 12 13 14 15 16 17 18 19 20 21 22 23 24 25 26 27 28 29 30 31 32 33 34 35 36 37 38 39 40 42 43 44 45 46 47 48 49 0 1 2 3 4 5 6 7 8 9 10 11 13 14 15 16 17 18 19 20 21 22 23 24 25 26 27 28 29 30 31 32 33 35 36 37 38 39 40 41 42 43 44 45 46 47 48 49 0 1 2 3 4 5 6 7 8 9 10 11 12 13 14 15 16 17 18 19 20 21 22 23 24 25 26 27 28 29 31 32 33 34 35 36 37 38 39 40 41 42 43 44 45 47 48 49 0 1 2 3 4 5 6 7 8 9 10 11 12 13 14 15 16 17 18 19 20 21 22 23 24 25 26 27 28 29 30 31 32 33 34 35 36 37 38 39 40 41 42 43 44 45 46 47 48 49 0 1 2 3 4 5 6 7 8 9 10 11 12 13 14 15 16 17 18 19 20 22 23 24 25 26 27 28 29 30 32 33 34 35 36 37 38 39 40 41 42 43 44 45 46 47 48 49 0 1 2 3 4 5 6 7 8 9 10 11 12 13 14 15 16 17 18 19 20 21 22 23 24 25 26 27 28 29 30 31 32 33 34 35 36 37 38 39 40 41 42 43 44 45 46 47 48 49 0 1 2 3 4 5 6 7 8 9 10 11 12 13 14 15 16 17 18 19 20 21 22 23 24 25 26 27 28 29 30 31 32 33 34 35 37 38 39 40 41 42 43 44 45 46 47 48 49 0 1 2 3 4 5 6 7 8 9 10 11 12 13 14 15 16 17 18 19 20 21 22 23 24 25 26 27 28 29 30 31 32 33 34 35 36 37 38 39 40 41 42 43 44 45 46 47 48 49 0 1 2 3 4 5 6 7 8 9 10 11 12 13 14 15 16 17 18 19 20 21 22 23 24 25 26 27 28 29 30 31 33 34 35 36 37 38 39 40 41 42 43 44 45 46 47 48 49 0 1 2 3 4 5 6 7 8 9 10 11 12 13 14 15 16 17 18 19 20 21 22 23 24 25 26 27 28 29 30 31 32 33 34 35 36 37 38 39 40 41 42 43 44 45 46 47 48 49 0 1 2 3 4 5 6 7 8 9 10 11 12 13 14 15 16 17 18 19 20 21 22 23 24 25 26 27 28 29 30 31 32 33 34 35 36 37 38 39 40 41 42 43 44 45 46 47 48 49 0 1 2 3 4 5 6 7 8 9 10 11 12 13 14 15 16 17 18 19 21 22 23 24 25 26 27 28 29 30 31 32 33 34 35 36 37 38 39 40 42 43 44 45 46 47 48 49 0 1 2 3 4 5 6 8 9 10 11 12 13 14 15 16 17 18 19 20 21 22 23 24 25 26 27 28 29 30 31 32 33 34 35 36 37 38 39 40 41 42 43 44 45 46 47 48 49 0 1 2 3 4 5 6 7 8 9 10 11 13 14 15 16 17 18 19 20 21 22 23 25 26 27 28 29 30 31 32 33 34 35 36 37 38 39 40 41 42 43 44 45 46 48 49 0 1 2 3 4 5 6 7 8 9 10 11 12 13 14 15 16 17 18 19 20 21 22 23 24 25 26 27 28 29 30 31 32 33 34 35 36 37 38 39 40 41 42 43 44 45 46 47 48 49 0 1 2 3 4 5 6 7 8 9 10 11 12 13 14 15 16 17 18 19 20 21 22 23 24 25 26 27 28 29 30 31 32 33 34 35 36 37 38 39 40 41 42 43 44 45 46 47 48 49 0 1 2 3 4 5 6 7 8 9 10 11 12 13 14 15 16 17 18 19 20 21 22 23 24 26 27 28 29 30 31 32 33 34 35 36 37 38 39 40 41 42 43 44 45 46 47 48 49 0 1 2 3 4 5 6 7 8 9 10 11 12 13 14 15 16 17 18 19 20 21 22 23 24 25 26 27 28 29 30 31 32 33 34 35 36 37 38 39 40 41 42 43 44 45 46 47 48 49 0 1 2 3 4 5 6 7 8 9 10 11 12 13 14 15 16 17 18 19 20 21 22 23 25 26 27 28 29 30 31 32 33 34 35 36 37 38 39 40 41 42 43 44 45 46 47 48 49 0 1 2 3 4 5 6 7 8 9 10 11 12 13 14 15 16 17 18 19 20 21 22 23 24 25 26 27 28 29 30 31 32 33 34 35 36 37 38 39 40 41 42 43 44 45 46 47 48 49 0 1 2 3 4 5 6 7 8 9 10 11 12 13 15 16 17 18 19 20 21 22 23 24 25 26 27 29 30 31 32 33 34 35 36 37 39 40 41 42 43 44 45 46 47 48 49 0 1 2 3 4 5 6 7 8 9 10 11 12 13 14 15 16 17 18 19 20 21 22 23 24 25 26 27 28 29 30 31 32 33 34 35 36 37 38 39 40 41 42 43 44 45 46 47 48 49 0 1 2 3 4 5 6 7 8 9 10 11 12 14 15 16 17 18 19 20 21 22 23 24 25 26 27 28 29 30 31 32 33 35 36 37 38 39 40 41 44 45 46 47 48 49 0 1 2 3 4 5 6 7 8 9 10 11 12 13 14 15 16 17 18 19 20 21 22 23 24 25 26 27 28 29 30 31 32 33 34 35 36 37 38 39 40 41 42 43 44 45 46 47 48 49 0 1 2 3 4 5 6 7 8 9 10 11 12 13 14 15 16 17 18 19 20 21 22 23 24 25 26 27 28 29 30 31 32 33 34 35 36 37 38 39 40 41 42 43 44 45 46 47 48 49 0 1 2 3 4 5 6 7 8 9 10 11 12 13 14 15 16 17 18 19 20 21 22 23 24 25 26 27 28 29 30 31 32 33 34 35 36 37 38 39 40 41 42 43 44 45 46 47 48 49 0 1 2 3 5 6 7 8 9 10 11 12 13 14 15 16 17 18 19 20 21 22 23 24 25 26 27 28 30 31 32 33 34 35 36 37 38 39 40 41 42 43 44 45 46 47 48 49 0 1 2 3 4 5 6 7 8 9 10 11 12 13 14 15 16 17 18 20 21 22 23 24 25 26 27 28 29 30 31 32 33 34 35 36 37 38 39 40 41 42 43 44 45 46 47 48 49 0 1 2 3 4 5 6 7 8 9 10 11 12 13 14 15 16 17 18 19 20 21 22 23 24 25 26 27 28 29 30 31 32 33 34 35 36 37 38 39 40 41 42 43 44 45 46 47 48 49 0 1 2 3 4 5 6 7 8 9 10 11 12 13 14 15 16 17 18 19 20 21 22 23 24 25 26 27 28 29 30 31 32 33 34 35 36 37 38 39 40 41 42 43 44 45 46 47 48 49 0 1 2 3 4 5 6 7 8 9 10 11 12 13 14 15 16 17 18 19 20 21 22 23 24 25 26 27 28 29 30 31 32 33 34 35 36 37 38 39 40 41 42 43 44 45 46 47 48 49 0 1 2 3 4 5 6 7 8 9 10 11 12 13 14 15 16 17 18 19 20 21 22 23 24 25 26 27 28 29 30 31 32 33 35 36 37 38 39 40 41 42 43 44 45 46 48 49 0 2 3 4 5 6 7 8 9 10 11 12 13 14 15 16 17 18 19 20 21 22 23 24 25 26 27 28 29 30 31 32 34 35 36 37 38 39 40 41 42 43 44 46 47 48 49 0 1 2 3 4 5 6 8 9 10 11 12 13 14 15 16 17 18 19 20 21 22 24 25 26 27 28 29 30 31 32 33 34 36 37 38 39 40 41 42 43 44 45 46 47 48 49 0 1 2 3 4 5 6 7 8 9 10 11 12 13 14 15 16 17 18 19 20 21 22 23 24 25 26 27 28 29 30 32 33 34 35 36 37 38 39 40 41 42 43 44 45 46 47 48 49 0 1 2 3 4 5 6 7 8 9 10 11 12 13 14 15 16 17 18 19 20 21 22 23 24 25 26 27 28 29 30 31 32 33 34 35 36 37 38 39 40 41 42 43 45 46 48 49 0 1 2 3 4 5 6 7 8 9 10 11 12 13 14 15 16 17 18 19 20 21 22 23 24 25 26 27 28 29 30 31 32 33 34 35 36 37 38 39 40 41 42 44 45 46 47 48 49 0 1 2 3 4 6 7 8 9 10 11 12 13 14 15 16 17 19 20 21 22 23 24 25 26 27 28 29 30 31 32 33 34 35 36 37 38 39 40 41 42 43 44 45 46 47 48 49 0 1 2 3 4 5 6 7 8 9 10 11 12 13 14 15 16 17 18 19 20 21 22 23 24 25 26 27 28 29 30 31 32 33 34 35 36 37 38 39 40 41 42 43 44 45 46 47 48 49 0 1 2 3 4 5 6 7 8 9 10 11 12 13 14 15 16 17 18 19 20 21 22 23 24 25 26 27 28 29 30 31 32 33 34 35 36 37 38 39 40 41 42 43 44 45 46 47 48 49 0 1 2 3 4 5 6 7 8 9 10 11 12 13 14 15 16 17 18 19 21 22 23 24 25 26 27 28 29 30 31 32 33 34 35 36 37 38 39 40 41 42 43 44 45 46 47 48 49 0 1 2 3 4 5 6 7 8 9 10 11 12 13 14 15 16 17 18 19 20 21 22 23 24 25 26 27 28 29 30 31 32 33 34 35 36 37 38 39 40 41 42 44 45 46 47 48 49 0 1 3 4 5 6 7 8 9 10 11 12 13 14 15 16 17 18 19 20 21 22 23 24 25 26 27 28 29 30 31 32 33 34 35 36 37 38 39 40 41 42 43 44 45 46 47 49 0 1 2 3 4 5 6 7 8 9 10 11 12 13 14 16 17 18 19 20 21 22 23 24 25 26 27 28 29 30 31 32 33 34 35 36 37 38 39 41 42 43 44 45 46 47 48 49 0 1 2 3 4 5 6 7 8 9 10 11 12 13 14 15 17 18 19 20 21 22 23 24 25 26 27 28 29 30 31 32 33 34 35 36 37 38 39 40 41 42 43 44 45 46 47 48 49 0 1 2 3 4 5 6 7 8 9 10 11 12 13 14 15 16 17 18 19 20 21 22 23 24 25 26 27 28 29 30 31 32 33 34 35 36 37 38 39 40 41 42 43 44 45 46 47 48 49 
Nk:
 0 49 99 147 197 246 294 342 392 440 490 539 589 638 688 738 786 835 882 932 982 1031 1081 1130 1180 1227 1277 1323 1373 1423 1473 1521 1570 1620 1670 1720 1768 1815 1862 1911 1959 2008 2056 2106 2156 2205 2254 2302 2350 2399 
=============================================

A:
 2 2 5 3 3 2 5 4 1 4 3 3 5 3 3 2 4 4 5 4 4 3 5 3 4 5 1 1 2 3 4 3 4 3 2 3 1 3 1 3 4 5 2 3 1 2 1 4 5 5 2 4 5 1 4 2 3 3 5 4 4 2 3 4 4 1 1 1 3 3 4 2 1 2 4 2 2 1 2 1 4 4 1 3 4 5 2 2 4 2 2 1 2 1 3 1 3 1 5 4 2 2 3 4 3 4 2 3 1 3 5 3 3 2 3 3 5 1 1 2 5 1 4 1 3 4 2 4 4 1 4 2 4 1 2 4 3 3 3 4 1 1 1 3 4 2 4 2 2 1 3 4 3 1 5 1 2 2 3 2 2 2 1 5 2 5 2 5 2 5 2 3 2 3 1 3 5 5 1 3 3 5 3 4 3 5 3 3 3 3 3 3 3 4 3 1 2 2 3 3 2 4 3 4 5 2 5 2 1 3 2 1 5 5 3 4 5 5 4 1 3 3 4 3 2 1 4 4 2 4 5 2 5 4 1 5 1 4 2 3 3 2 3 1 1 3 5 3 1 4 4 4 2 1 2 1 4 1 1 4 1 3 5 1 5 3 3 4 2 4 1 2 5 1 3 1 3 5 3 2 2 5 2 2 1 5 3 4 1 2 3 1 5 2 2 2 1 5 2 3 2 3 5 5 4 5 1 2 4 3 5 2 1 5 3 5 2 3 1 3 1 1 1 3 5 1 4 3 1 3 4 1 3 3 5 2 1 1 1 3 5 2 2 4 2 1 4 1 2 1 2 3 2 1 3 1 2 1 2 1 3 1 5 2 2 5 3 3 1 1 3 3 5 5 4 1 2 4 4 5 4 1 3 4 1 5 2 4 1 4 2 2 3 2 3 4 2 5 2 1 4 1 5 5 2 2 5 2 1 5 3 5 5 3 4 1 1 5 4 4 3 3 5 2 1 4 5 2 5 2 2 1 2 1 5 1 3 2 2 2 4 3 5 5 4 1 5 2 5 1 4 1 1 4 1 5 3 2 4 5 4 1 2 5 2 2 5 1 5 5 2 1 1 4 5 5 3 5 5 2 2 1 3 5 5 1 5 3 5 3 3 3 5 3 4 2 5 1 4 3 4 2 1 3 4 1 4 5 2 4 5 5 2 5 4 2 1 5 4 1 3 5 1 3 5 2 1 2 2 5 3 2 5 1 5 3 4 5 2 5 5 4 2 3 3 2 3 2 5 2 2 3 4 5 3 1 5 4 3 3 1 2 5 2 3 2 4 2 5 1 1 5 3 2 1 3 3 3 1 3 1 2 1 3 2 5 5 2 5 2 5 2 1 1 5 5 5 1 3 2 3 2 1 4 3 2 5 1 2 5 2 2 5 1 3 5 5 1 5 1 5 1 4 1 2 3 1 4 5 4 2 5 3 4 4 3 3 4 1 4 5 4 5 2 4 2 3 2 3 5 5 3 5 2 4 5 2 2 2 4 3 4 2 3 3 4 4 5 4 4 2 3 5 3 2 2 3 4 3 5 2 3 1 1 2 1 1 3 2 5 2 5 5 3 5 5 4 5 1 4 4 1 5 5 1 5 4 1 1 4 4 5 2 5 5 4 2 1 1 3 3 5 2 2 2 5 4 1 1 5 4 4 3 2 3 3 4 2 4 5 4 4 3 3 3 2 3 3 3 2 5 1 2 5 5 5 2 1 5 5 1 2 4 4 2 4 2 5 5 1 3 4 3 5 4 2 2 1 1 2 3 3 4 5 4 5 2 4 3 4 1 5 2 2 4 5 2 4 5 3 5 5 1 3 5 5 5 4 5 3 4 5 2 4 5 2 1 5 2 3 4 4 1 2 4 5 2 4 4 5 4 4 1 1 4 4 4 4 1 3 1 4 3 2 5 5 1 3 4 5 4 4 4 2 2 5 5 4 4 3 4 1 2 3 5 2 1 3 2 2 4 5 2 3 1 5 1 3 1 5 2 1 3 1 5 5 4 1 5 2 4 4 2 4 2 5 3 5 4 5 1 2 1 3 4 1 1 2 1 3 4 5 5 4 2 3 4 1 5 4 4 3 2 4 1 2 1 1 4 5 1 1 4 1 1 4 2 2 1 4 3 3 5 5 1 1 4 2 1 2 2 4 4 5 1 2 2 5 4 5 3 4 2 4 2 5 4 5 4 4 3 3 3 3 4 4 1 3 4 1 1 1 5 3 3 2 2 5 3 1 1 4 5 2 2 4 1 3 1 3 2 3 4 5 4 4 4 3 5 1 1 4 3 1 3 3 5 5 3 2 5 3 1 2 3 4 2 3 3 1 2 3 1 3 5 3 3 4 2 4 5 2 3 1 2 2 5 2 2 2 5 4 3 2 1 2 3 4 5 4 1 2 5 4 3 4 3 3 5 2 1 3 2 2 1 2 4 4 4 1 5 5 5 5 5 3 3 1 2 1 4 3 2 5 4 4 3 2 1 3 4 1 2 4 4 2 3 2 5 2 4 5 1 1 2 4 5 2 2 3 5 3 4 3 5 4 5 5 5 5 4 3 4 4 4 1 3 4 1 1 4 1 4 4 2 5 1 2 5 3 4 3 3 2 1 4 2 5 1 4 1 5 5 1 3 4 3 1 5 2 2 2 2 2 5 2 3 2 3 2 4 5 4 5 3 5 4 1 4 5 5 2 3 5 3 3 5 3 2 2 3 3 5 4 4 3 1 1 2 5 4 3 3 3 2 5 5 3 1 4 4 3 1 1 5 5 1 3 5 1 1 3 2 1 3 4 4 5 1 5 1 5 2 1 3 3 3 1 4 5 2 3 2 1 3 2 2 4 2 5 1 4 5 3 3 3 3 1 3 1 2 2 2 4 2 5 1 1 1 5 4 2 1 2 5 1 5 2 4 1 5 1 5 2 2 5 3 2 2 1 4 1 2 1 4 2 2 5 1 2 3 4 5 4 2 4 3 3 1 3 2 2 2 5 1 1 1 1 3 3 4 5 4 4 2 2 3 3 2 1 3 1 3 1 1 1 1 3 4 1 5 5 4 5 3 1 5 4 3 1 5 4 3 2 1 5 3 4 5 3 2 3 4 5 4 3 4 5 5 1 2 2 5 5 2 2 2 1 4 1 3 3 5 2 2 1 2 2 4 5 4 3 4 3 5 4 1 4 3 2 1 3 4 3 5 3 1 5 3 1 4 1 5 2 5 4 1 2 2 4 2 3 3 2 4 3 3 2 3 2 4 2 2 2 3 5 5 4 4 1 4 5 3 4 4 4 3 2 4 1 5 3 1 1 5 4 3 5 2 2 1 3 1 3 4 3 3 3 3 5 2 5 5 4 3 1 4 4 3 5 3 5 3 1 3 3 1 4 5 1 4 4 3 3 4 5 1 2 3 4 3 5 4 1 3 3 4 1 3 3 2 2 4 4 5 5 4 4 1 2 5 3 1 2 5 3 3 1 2 5 4 4 2 4 4 2 5 5 4 4 5 4 2 3 2 4 3 5 3 4 3 2 2 2 4 1 2 5 3 2 4 2 4 2 4 2 1 5 1 4 3 3 2 3 1 2 3 1 1 4 4 5 3 3 2 3 1 4 4 4 4 4 3 1 3 2 1 5 3 1 4 1 5 2 2 5 5 2 3 4 5 3 1 2 2 1 2 3 2 2 4 4 5 1 4 2 3 5 4 3 3 5 2 4 5 3 1 2 5 4 2 4 2 1 4 2 3 1 1 4 1 4 2 2 3 2 1 4 3 4 4 3 2 2 1 1 1 3 3 2 5 4 4 3 3 3 3 1 2 2 2 4 4 3 5 3 2 5 2 3 1 4 2 1 5 3 1 2 5 2 3 4 4 1 3 5 1 5 3 4 5 2 4 4 5 2 1 2 3 2 5 2 3 5 4 3 1 3 5 3 5 4 3 4 3 4 5 5 4 3 1 2 5 3 1 1 4 3 3 5 4 4 3 4 1 1 4 1 3 3 3 2 5 5 4 3 3 3 5 2 2 3 2 4 5 2 1 4 2 2 3 4 3 2 4 1 4 3 5 5 1 5 3 3 1 5 5 1 5 5 2 1 1 1 5 3 5 3 4 5 3 4 2 1 4 2 3 4 4 1 4 4 5 3 4 5 1 3 5 1 4 1 5 5 1 3 3 4 4 2 2 1 1 3 3 3 3 3 5 1 2 1 4 2 5 5 4 4 2 1 4 2 1 1 3 3 4 1 3 1 4 4 4 5 2 1 4 2 3 1 1 5 5 4 3 2 3 3 4 3 4 1 2 5 3 3 5 4 5 4 1 5 1 2 3 3 4 5 1 3 1 5 5 5 2 2 4 4 2 2 5 1 1 2 1 1 2 5 2 1 1 3 2 4 5 3 3 1 5 1 4 4 5 1 2 4 4 2 5 1 5 4 4 1 5 2 1 3 1 5 4 2 4 4 4 2 5 2 4 1 3 3 4 1 3 2 3 3 1 5 3 1 4 1 3 1 2 4 3 1 3 5 3 4 4 5 4 5 5 4 4 2 3 1 1 4 2 4 3 4 5 2 5 3 4 3 1 1 5 2 2 2 2 3 5 4 3 5 2 4 5 3 2 3 3 1 5 1 5 5 4 4 3 5 3 4 5 3 4 4 4 3 3 2 3 3 4 5 2 1 1 3 3 2 3 4 2 2 1 5 1 2 2 3 2 5 4 5 4 5 3 3 3 2 4 3 5 2 2 2 4 3 4 1 3 5 4 3 5 2 1 4 5 1 5 3 3 1 2 5 5 3 1 1 5 5 3 4 4 2 4 1 5 4 3 4 1 2 2 2 4 2 5 4 1 2 2 4 2 5 4 3 4 1 5 2 2 2 3 2 4 1 2 4 3 5 2 2 5 2 3 3 1 3 5 4 5 2 1 3 1 2 2 3 1 2 2 3 1 4 5 3 5 1 5 2 1 4 4 3 3 1 4 3 1 4 1 3 5 2 1 4 5 3 3 1 5 1 3 3 2 1 1 3 5 4 1 1 4 4 2 3 5 2 4 4 1 3 1 3 3 4 1 1 4 2 1 2 3 5 1 4 5 1 5 3 2 3 5 1 5 3 4 5 3 5 4 4 3 1 4 1 4 2 3 4 1 4 5 2 3 4 4 5 3 2 4 1 4 2 4 2 2 1 1 2 5 1 5 5 1 2 2 2 1 3 1 1 3 3 1 1 5 4 1 3 4 5 5 3 5 1 2 1 5 2 3 3 3 5 5 2 3 2 1 5 3 3 2 4 1 5 5 1 3 3 3 4 1 1 1 1 5 1 2 2 5 1 4 3 5 2 1 2 1 2 5 3 4 3 5 4 3 3 1 2 1 5 2 2 2 2 5 2 5 4 4 1 3 3 2 2 4 3 3 3 2 3 3 3 3 3 4 2 5 1 3 4 2 5 3 2 4 2 1 2 1 2 4 5 2 1 1 3 4 5 2 2 1 2 1 2 1 5 2 5 3 5 1 4 4 5 4 1 3 3 3 5 3 
JA:
 0 1 2 3 4 5 6 7 8 10 11 12 13 14 15 16 17 18 19 20 21 22 23 24 25 26 27 28 29 30 31 32 33 34 35 36 37 38 39 40 41 42 43 44 45 46 47 48 49 0 1 2 3 4 5 6 7 8 9 10 11 12 13 14 15 16 17 18 19 20 21 22 23 24 25 26 27 28 29 30 31 32 33 34 35 36 37 38 39 40 41 42 43 44 45 46 47 48 49 0 1 2 3 4 5 7 8 9 10 11 12 13 14 15 16 17 18 19 20 21 22 23 24 25 26 27 28 29 30 31 32 33 34 35 36 37 38 40 41 42 43 44 45 46 47 48 49 0 1 2 3 4 5 6 7 8 9 10 11 12 13 14 15 16 17 18 19 20 21 22 23 24 25 26 27 28 29 30 31 32 33 34 35 36 37 38 39 40 41 42 43 44 45 46 47 48 49 0 1 2 3 4 5 6 7 8 9 10 11 12 13 14 15 16 17 18 19 20 21 22 23 24 25 26 27 28 29 30 31 32 33 34 35 36 37 38 39 40 42 43 44 45 46 47 48 49 0 1 2 3 4 5 6 7 8 9 10 11 13 14 15 16 17 18 19 20 21 22 23 24 25 26 27 28 29 30 31 32 33 35 36 37 38 39 40 41 42 43 44 45 46 47 48 49 0 1 2 3 4 5 6 7 8 9 10 11 12 13 14 15 16 17 18 19 20 21 22 23 24 25 26 27 28 29 31 32 33 34 35 36 37 38 39 40 41 42 43 44 45 47 48 49 0 1 2 3 4 5 6 7 8 9 10 11 12 13 14 15 16 17 18 19 20 21 22 23 24 25 26 27 28 29 30 31 32 33 34 35 36 37 38 39 40 41 42 43 44 45 46 47 48 49 0 1 2 3 4 5 6 7 8 9 10 11 12 13 14 15 16 17 18 19 20 22 23 24 25 26 27 28 29 30 32 33 34 35 36 37 38 39 40 41 42 43 44 45 46 47 48 49 0 1 2 3 4 5 6 7 8 9 10 11 12 13 14 15 16 17 18 19 20 21 22 23 24 25 26 27 28 29 30 31 32 33 34 35 36 37 38 39 40 41 42 43 44 45 46 47 48 49 0 1 2 3 4 5 6 7 8 9 10 11 12 13 14 15 16 17 18 19 20 21 22 23 24 25 26 27 28 29 30 31 32 33 34 35 37 38 39 40 41 42 43 44 45 46 47 48 49 0 1 2 3 4 5 6 7 8 9 10 11 12 13 14 15 16 17 18 19 20 21 22 23 24 25 26 27 28 29 30 31 32 33 34 35 36 37 38 39 40 41 42 43 44 45 46 47 48 49 0 1 2 3 4 5 6 7 8 9 10 11 12 13 14 15 16 17 18 19 20 21 22 23 24 25 26 27 28 29 30 31 33 34 35 36 37 38 39 40 41 42 43 44 45 46 47 48 49 0 1 2 3 4 5 6 7 8 9 10 11 12 13 14 15 16 17 18 19 20 21 22 23 24 25 26 27 28 29 30 31 32 33 34 35 36 37 38 39 40 41 42 43 44 45 46 47 48 49 0 1 2 3 4 5 6 7 8 9 10 11 12 13 14 15 16 17 18 19 20 21 22 23 24 25 26 27 28 29 30 31 32 33 34 35 36 37 38 39 40 41 42 43 44 45 46 47 48 49 0 1 2 3 4 5 6 7 8 9 10 11 12 13 14 15 16 17 18 19 21 22 23 24 25 26 27 28 29 30 31 32 33 34 35 36 37 38 39 40 42 43 44 45 46 47 48 49 0 1 2 3 4 5 6 8 9 10 11 12 13 14 15 16 17 18 19 20 21 22 23 24 25 26 27 28 29 30 31 32 33 34 35 36 37 38 39 40 41 42 43 44 45 46 47 48 49 0 1 2 3 4 5 6 7 8 9 10 11 13 14 15 16 17 18 19 20 21 22 23 25 26 27 28 29 30 31 32 33 34 35 36 37 38 39 40 41 42 43 44 45 46 48 49 0 1 2 3 4 5 6 7 8 9 10 11 12 13 14 15 16 17 18 19 20 21 22 23 24 25 26 27 28 29 30 31 32 33 34 35 36 37 38 39 40 41 42 43 44 45 46 47 48 49 0 1 2 3 4 5 6 7 8 9 10 11 12 13 14 15 16 17 18 19 20 21 22 23 24 25 26 27 28 29 30 31 32 33 34 35 36 37 38 39 40 41 42 43 44 45 46 47 48 49 0 1 2 3 4 5 6 7 8 9 10 11 12 13 14 15 16 17 18 19 20 21 22 23 24 26 27 28 29 30 31 32 33 34 35 36 37 38 39 40 41 42 43 44 45 46 47 48 49 0 1 2 3 4 5 6 7 8 9 10 11 12 13 14 15 16 17 18 19 20 21 22 23 24 25 26 27 28 29 30 31 32 33 34 35 36 37 38 39 40 41 42 43 44 45 46 47 48 49 0 1 2 3 4 5 6 7 8 9 10 11 12 13 14 15 16 17 18 19 20 21 22 23 25 26 27 28 29 30 31 32 33 34 35 36 37 38 39 40 41 42 43 44 45 46 47 48 49 0 1 2 3 4 5 6 7 8 9 10 11 12 13 14 15 16 17 18 19 20 21 22 23 24 25 26 27 28 29 30 31 32 33 34 35 36 37 38 39 40 41 42 43 44 45 46 47 48 49 0 1 2 3 4 5 6 7 8 9 10 11 12 13 15 16 17 18 19 20 21 22 23 24 25 26 27 29 30 31 32 33 34 35 36 37 39 40 41 42 43 44 45 46 47 48 49 0 1 2 3 4 5 6 7 8 9 10 11 12 13 14 15 16 17 18 19 20 21 22 23 24 25 26 27 28 29 30 31 32 33 34 35 36 37 38 39 40 41 42 43 44 45 46 47 48 49 0 1 2 3 4 5 6 7 8 9 10 11 12 14 15 16 17 18 19 20 21 22 23 24 25 26 27 28 29 30 31 32 33 35 36 37 38 39 40 41 44 45 46 47 48 49 0 1 2 3 4 5 6 7 8 9 10 11 12 13 14 15 16 17 18 19 20 21 22 23 24 25 26 27 28 29 30 31 32 33 34 35 36 37 38 39 40 41 42 43 44 45 46 47 48 49 0 1 2 3 4 5 6 7 8 9 10 11 12 13 14 15 16 17 18 19 20 21 22 23 24 25 26 27 28 29 30 31 32 33 34 35 36 37 38 39 40 41 42 43 44 45 46 47 48 49 0 1 2 3 4 5 6 7 8 9 10 11 12 13 14 15 16 17 18 19 20 21 22 23 24 25 26 27 28 29 30 31 32 33 34 35 36 37 38 39 40 41 42 43 44 45 46 47 48 49 0 1 2 3 5 6 7 8 9 10 11 12 13 14 15 16 17 18 19 20 21 22 23 24 25 26 27 28 30 31 32 33 34 35 36 37 38 39 40 41 42 43 44 45 46 47 48 49 0 1 2 3 4 5 6 7 8 9 10 11 12 13 14 15 16 17 18 20 21 22 23 24 25 26 27 28 29 30 31 32 33 34 35 36 37 38 39 40 41 42 43 44 45 46 47 48 49 0 1 2 3 4 5 6 7 8 9 10 11 12 13 14 15 16 17 18 19 20 21 22 23 24 25 26 27 28 29 30 31 32 33 34 35 36 37 38 39 40 41 42 43 44 45 46 47 48 49 0 1 2 3 4 5 6 7 8 9 10 11 12 13 14 15 16 17 18 19 20 21 22 23 24 25 26 27 28 29 30 31 32 33 34 35 36 37 38 39 40 41 42 43 44 45 46 47 48 49 0 1 2 3 4 5 6 7 8 9 10 11 12 13 14 15 16 17 18 19 20 21 22 23 24 25 26 27 28 29 30 31 32 33 34 35 36 37 38 39 40 41 42 43 44 45 46 47 48 49 0 1 2 3 4 5 6 7 8 9 10 11 12 13 14 15 16 17 18 19 20 21 22 23 24 25 26 27 28 29 30 31 32 33 35 36 37 38 39 40 41 42 43 44 45 46 48 49 0 2 3 4 5 6 7 8 9 10 11 12 13 14 15 16 17 18 19 20 21 22 23 24 25 26 27 28 29 30 31 32 34 35 36 37 38 39 40 41 42 43 44 46 47 48 49 0 1 2 3 4 5 6 8 9 10 11 12 13 14 15 16 17 18 19 20 21 22 24 25 26 27 28 29 30 31 32 33 34 36 37 38 39 40 41 42 43 44 45 46 47 48 49 0 1 2 3 4 5 6 7 8 9 10 11 12 13 14 15 16 17 18 19 20 21 22 23 24 25 26 27 28 29 30 32 33 34 35 36 37 38 39 40 41 42 43 44 45 46 47 48 49 0 1 2 3 4 5 6 7 8 9 10 11 12 13 14 15 16 17 18 19 20 21 22 23 24 25 26 27 28 29 30 31 32 33 34 35 36 37 38 39 40 41 42 43 45 46 48 49 0 1 2 3 4 5 6 7 8 9 10 11 12 13 14 15 16 17 18 19 20 21 22 23 24 25 26 27 28 29 30 31 32 33 34 35 36 37 38 39 40 41 42 44 45 46 47 48 49 0 1 2 3 4 6 7 8 9 10 11 12 13 14 15 16 17 19 20 21 22 23 24 25 26 27 28 29 30 31 32 33 34 35 36 37 38 39 40 41 42 43 44 45 46 47 48 49 0 1 2 3 4 5 6 7 8 9 10 11 12 13 14 15 16 17 18 19 20 21 22 23 24 25 26 27 28 29 30 31 32 33 34 35 36 37 38 39 40 41 42 43 44 45 46 47 48 49 0 1 2 3 4 5 6 7 8 9 10 11 12 13 14 15 16 17 18 19 20 21 22 23 24 25 26 27 28 29 30 31 32 33 34 35 36 37 38 39 40 41 42 43 44 45 46 47 48 49 0 1 2 3 4 5 6 7 8 9 10 11 12 13 14 15 16 17 18 19 21 22 23 24 25 26 27 28 29 30 31 32 33 34 35 36 37 38 39 40 41 42 43 44 45 46 47 48 49 0 1 2 3 4 5 6 7 8 9 10 11 12 13 14 15 16 17 18 19 20 21 22 23 24 25 26 27 28 29 30 31 32 33 34 35 36 37 38 39 40 41 42 44 45 46 47 48 49 0 1 3 4 5 6 7 8 9 10 11 12 13 14 15 16 17 18 19 20 21 22 23 24 25 26 27 28 29 30 31 32 33 34 35 36 37 38 39 40 41 42 43 44 45 46 47 49 0 1 2 3 4 5 6 7 8 9 10 11 12 13 14 16 17 18 19 20 21 22 23 24 25 26 27 28 29 30 31 32 33 34 35 36 37 38 39 41 42 43 44 45 46 47 48 49 0 1 2 3 4 5 6 7 8 9 10 11 12 13 14 15 17 18 19 20 21 22 23 24 25 26 27 28 29 30 31 32 33 34 35 36 37 38 39 40 41 42 43 44 45 46 47 48 49 0 1 2 3 4 5 6 7 8 9 10 11 12 13 14 15 16 17 18 19 20 21 22 23 24 25 26 27 28 29 30 31 32 33 34 35 36 37 38 39 40 41 42 43 44 45 46 47 48 49 
Nk:
 0 49 99 147 197 246 294 342 392 440 490 539 589 638 688 738 786 835 882 932 982 1031 1081 1130 1180 1227 1277 1323 1373 1423 1473 1521 1570 1620 1670 1720 1768 1815 1862 1911 1959 2008 2056 2106 2156 2205 2254 2302 2350 2399 
=============================================
550 
403 
399 
428 
469 
400 
407 
378 
438 
511 
480 
444 
452 
486 
506 
458 
521 
454 
436 
442 
430 
438 
492 
460 
481 
391 
372 
409 
466 
455 
475 
475 
436 
434 
433 
493 
450 
444 
443 
432 
468 
463 
475 
478 
388 
408 
424 
426 
427 
452 

=============================================
=============================================
