=============================================
0 0 0 4 0 0 3 3 2 0 
4 0 0 0 4 3 3 5 0 4 
1 4 5 0 0 3 4 0 0 3 
3 0 0 3 0 0 0 1 2 0 
4 0 0 4 0 3 0 0 3 1 
3 0 0 3 4 5 0 3 0 0 
5 1 1 4 3 0 0 0 4 0 
0 1 4 0 2 1 4 0 0 5 
1 0 0 2 3 3 0 0 4 3 
0 3 0 0 0 0 1 2 4 2 

=============================================
0 0 0 4 0 0 3 3 2 0 
4 0 0 0 4 3 3 5 0 4 
1 4 5 0 0 3 4 0 0 3 
3 0 0 3 0 0 0 1 2 0 
4 0 0 4 0 3 0 0 3 1 
3 0 0 3 4 5 0 3 0 0 
5 1 1 4 3 0 0 0 4 0 
0 1 4 0 2 1 4 0 0 5 
1 0 0 2 3 3 0 0 4 3 
0 3 0 0 0 0 1 2 4 2 

=============================================

A:
 4 3 3 2 4 4 3 3 5 4 1 4 5 3 4 3 3 3 1 2 4 4 3 3 1 3 3 4 5 3 5 1 1 4 3 4 1 4 2 1 4 5 1 2 3 3 4 3 3 1 2 4 2 
JA:
 3 6 7 8 0 4 5 6 7 9 0 1 2 5 6 9 0 3 7 8 0 3 5 8 9 0 3 4 5 7 0 1 2 3 4 8 1 2 4 5 6 9 0 3 4 5 8 9 1 6 7 8 9 
Nk:
 0 4 10 16 20 25 30 36 42 48 
=============================================

A:
 4 3 3 2 4 4 3 3 5 4 1 4 5 3 4 3 3 3 1 2 4 4 3 3 1 3 3 4 5 3 5 1 1 4 3 4 1 4 2 1 4 5 1 2 3 3 4 3 3 1 2 4 2 
JA:
 3 6 7 8 0 4 5 6 7 9 0 1 2 5 6 9 0 3 7 8 0 3 5 8 9 0 3 4 5 7 0 1 2 3 4 8 1 2 4 5 6 9 0 3 4 5 8 9 1 6 7 8 9 
Nk:
 0 4 10 16 20 25 30 36 42 48 
=============================================
38 
24 
12 
19 
22 
21 
24 
12 
16 
17 

=============================================
=============================================
