=============================================
2 0 4 0 3 3 2 5 4 0 
0 0 4 3 3 5 3 3 2 0 
5 5 3 4 0 3 5 0 2 3 
0 1 1 2 3 4 3 4 3 2 
3 1 3 1 3 4 5 2 3 1 
2 1 4 0 3 0 0 4 2 0 
1 4 0 2 1 4 3 5 1 0 
3 4 4 0 5 4 3 3 0 0 
4 3 2 3 2 2 0 1 2 0 
3 0 0 1 5 0 0 2 5 0 

=============================================
2 0 4 0 3 3 2 5 4 0 
0 0 4 3 3 5 3 3 2 0 
5 5 3 4 0 3 5 0 2 3 
0 1 1 2 3 4 3 4 3 2 
3 1 3 1 3 4 5 2 3 1 
2 1 4 0 3 0 0 4 2 0 
1 4 0 2 1 4 3 5 1 0 
3 4 4 0 5 4 3 3 0 0 
4 3 2 3 2 2 0 1 2 0 
3 0 0 1 5 0 0 2 5 0 

=============================================

A:
 2 4 3 3 2 5 4 4 3 3 5 3 3 2 5 5 3 4 3 5 2 3 1 1 2 3 4 3 4 3 2 3 1 3 1 3 4 5 2 3 1 2 1 4 3 4 2 1 4 2 1 4 3 5 1 3 4 4 5 4 3 3 4 3 2 3 2 2 1 2 3 1 5 2 5 
JA:
 0 2 4 5 6 7 8 2 3 4 5 6 7 8 0 1 2 3 5 6 8 9 1 2 3 4 5 6 7 8 9 0 1 2 3 4 5 6 7 8 9 0 1 2 4 7 8 0 1 3 4 5 6 7 8 0 1 2 4 5 6 7 0 1 2 3 4 5 7 8 0 3 4 7 8 
Nk:
 0 7 14 22 31 41 47 55 62 70 
=============================================

A:
 2 4 3 3 2 5 4 4 3 3 5 3 3 2 5 5 3 4 3 5 2 3 1 1 2 3 4 3 4 3 2 3 1 3 1 3 4 5 2 3 1 2 1 4 3 4 2 1 4 2 1 4 3 5 1 3 4 4 5 4 3 3 4 3 2 3 2 2 1 2 3 1 5 2 5 
JA:
 0 2 4 5 6 7 8 2 3 4 5 6 7 8 0 1 2 3 5 6 8 9 1 2 3 4 5 6 7 8 9 0 1 2 3 4 5 6 7 8 9 0 1 2 4 7 8 0 1 3 4 5 6 7 8 0 1 2 4 5 6 7 0 1 2 3 4 5 7 8 0 3 4 7 8 
Nk:
 0 7 14 22 31 41 47 55 62 70 
=============================================
83 
69 
49 
63 
71 
57 
52 
70 
41 
51 

=============================================
=============================================
