=============================================
2 2 5 3 3 2 5 4 1 0 4 3 3 5 3 3 2 4 4 5 4 4 3 5 3 4 5 1 1 2 3 4 3 4 3 2 3 1 3 1 3 4 5 2 3 1 2 1 4 0 
3 0 2 4 5 1 4 2 3 3 5 4 4 2 3 4 4 0 5 4 3 3 1 4 3 2 3 2 2 1 2 1 3 1 1 5 0 4 5 2 2 4 2 2 1 2 1 3 1 3 
1 5 4 2 2 3 4 3 0 4 2 3 1 3 5 3 3 2 3 3 5 1 1 2 5 1 4 1 3 4 2 4 4 1 4 2 4 1 0 2 1 1 3 3 4 1 1 1 3 4 
0 3 2 4 3 5 3 5 3 5 5 5 2 4 5 3 5 2 3 4 2 1 5 4 1 4 1 5 5 1 1 4 1 5 1 2 4 4 1 2 3 4 2 1 3 3 2 3 2 3 
4 2 5 2 5 5 2 2 3 0 5 2 5 2 1 3 2 1 5 5 3 4 5 5 4 1 3 3 4 3 2 1 4 4 2 4 5 2 0 3 5 2 5 4 1 2 3 3 2 3 
1 1 3 5 3 1 4 4 4 2 1 2 1 4 1 0 1 4 1 3 5 1 5 3 3 4 2 4 1 0 5 5 3 1 1 5 5 2 2 2 5 2 2 1 5 3 4 1 2 3 
1 5 2 2 2 1 5 2 3 2 3 5 5 4 5 1 2 4 3 5 2 1 5 3 5 2 3 1 3 1 1 1 3 0 5 1 4 3 1 3 0 5 0 3 3 5 2 1 1 1 
0 3 5 2 2 4 2 1 4 1 2 1 2 3 2 1 3 0 4 3 4 4 3 1 1 1 3 3 3 5 1 4 3 1 5 4 1 5 0 2 4 4 5 4 1 3 4 1 5 2 
4 1 4 2 2 3 2 3 0 2 2 1 3 0 4 1 5 5 2 2 5 2 1 5 3 5 5 0 3 4 1 1 5 4 4 3 3 0 5 2 1 4 5 2 5 2 2 1 2 1 
5 1 3 2 2 2 4 3 5 5 4 1 5 2 5 1 4 1 1 4 1 5 3 2 4 5 0 3 3 4 1 2 1 2 2 5 5 1 1 2 1 1 3 2 4 1 1 5 2 4 
2 5 3 2 3 3 4 2 2 4 1 4 3 4 2 5 3 0 2 1 3 4 1 4 5 2 4 5 5 2 5 4 2 1 5 4 1 3 5 1 3 5 2 0 1 2 2 5 3 0 
1 5 3 3 3 0 5 2 5 0 5 5 3 3 3 5 3 3 3 1 4 2 5 2 4 3 1 1 2 3 1 3 1 4 1 0 0 1 4 3 3 3 2 5 1 0 3 3 3 1 
3 1 2 1 3 2 5 5 2 5 2 5 2 1 1 5 5 5 0 5 4 2 1 5 0 4 3 2 5 1 2 5 2 2 0 3 2 4 2 2 2 1 2 2 1 4 1 2 0 3 
3 5 3 4 1 3 3 4 3 5 4 3 1 4 1 3 2 2 3 3 0 0 2 1 3 5 4 3 2 5 5 3 3 1 2 5 2 1 2 5 2 0 5 4 4 2 3 5 3 2 
2 3 4 3 5 2 3 1 1 2 1 1 3 2 5 2 5 5 3 5 5 4 5 1 4 4 1 5 5 1 5 4 1 1 4 4 5 2 5 5 0 5 4 1 5 1 4 3 3 4 
2 2 5 5 2 5 3 5 1 5 0 3 4 2 4 5 4 4 3 3 3 2 3 3 3 2 5 1 2 5 5 5 2 1 0 5 5 1 2 4 4 2 4 2 5 5 1 3 4 3 
5 4 2 2 0 1 1 2 0 5 5 4 3 2 1 4 3 3 3 5 3 0 0 2 4 5 2 0 5 1 1 1 4 2 3 1 1 3 1 5 1 2 5 3 2 4 5 3 0 2 
3 4 4 1 2 4 5 2 4 4 5 4 4 1 1 4 4 4 4 1 3 1 4 3 0 1 1 0 1 0 3 4 5 4 0 5 4 5 2 5 4 1 4 3 4 1 2 3 5 2 
0 1 0 0 2 3 4 2 2 3 2 4 5 2 0 5 0 2 0 2 1 0 5 5 4 1 5 2 4 4 2 4 2 5 3 5 4 5 1 2 1 3 4 1 1 2 0 2 0 4 
5 5 4 2 3 4 1 5 4 4 3 2 4 0 1 4 3 5 1 0 1 1 4 1 1 4 2 2 1 4 3 3 5 5 1 1 0 4 2 2 1 2 3 5 5 5 5 5 1 1 
1 2 1 5 3 3 5 3 5 4 2 2 1 2 4 4 1 2 4 2 2 3 4 5 1 3 3 4 1 0 1 1 4 5 2 2 4 1 3 1 3 2 3 4 5 4 4 4 0 3 
5 1 1 0 5 1 0 0 1 1 2 1 2 5 3 3 1 1 2 3 2 5 5 5 3 1 4 3 1 0 3 4 2 4 5 2 3 1 2 2 5 2 2 2 5 4 3 2 1 2 
3 4 5 4 1 2 5 4 3 4 3 3 5 2 1 3 2 2 1 2 4 4 4 1 5 5 5 0 0 5 3 3 1 2 1 4 3 2 5 4 4 0 5 4 4 5 5 3 3 5 
0 0 2 3 2 5 2 4 5 1 1 2 4 5 2 2 0 5 1 5 1 1 0 4 5 5 5 5 4 0 5 0 4 4 1 3 4 1 1 4 1 4 4 2 5 1 2 5 3 4 
3 3 2 1 4 2 5 1 4 1 5 5 1 3 4 3 1 5 2 2 2 2 2 5 2 3 2 3 2 4 5 4 5 3 0 1 2 1 3 4 1 2 4 2 3 3 5 3 2 2 
3 3 5 4 4 3 1 0 0 2 5 2 1 0 3 3 2 5 0 5 3 1 4 4 3 1 1 5 5 1 3 5 1 1 3 2 1 3 4 4 5 1 5 1 5 2 1 3 3 3 
1 4 5 2 3 2 1 3 2 2 4 2 5 1 4 5 3 3 3 3 1 3 1 2 2 2 4 2 5 1 1 1 5 4 2 1 2 5 1 5 2 4 1 0 5 1 5 2 2 5 
3 2 2 1 4 1 2 1 4 2 2 5 1 2 0 3 4 5 4 2 4 3 0 0 3 1 3 2 2 2 5 1 1 1 1 3 3 4 5 4 4 2 2 3 3 2 1 3 1 3 
1 1 1 1 3 4 1 5 5 4 5 3 1 0 1 4 0 1 5 4 3 2 1 5 3 4 5 3 2 3 4 5 4 3 4 5 5 1 2 2 5 5 2 2 2 1 4 1 3 3 
5 2 2 1 0 2 1 4 5 3 5 4 4 4 3 0 4 3 2 1 3 4 3 5 3 1 5 3 1 4 1 5 2 5 4 1 2 2 4 2 0 4 4 5 2 3 0 2 3 2 
4 2 2 2 3 5 5 4 4 1 4 5 3 4 4 4 3 2 4 1 5 3 1 1 5 4 3 5 2 2 1 3 1 3 4 3 3 0 3 3 5 2 5 5 4 3 1 4 4 0 
4 3 0 0 1 4 1 1 1 4 1 4 0 4 0 4 3 3 4 5 1 2 3 4 3 5 4 1 3 3 0 3 3 1 3 2 5 5 1 4 2 4 3 4 3 4 5 3 5 1 
2 1 3 0 5 0 4 4 2 4 4 2 5 5 4 4 5 4 2 3 2 4 3 5 3 4 3 2 2 0 2 5 3 1 3 2 4 5 1 2 4 5 1 3 0 1 4 3 0 4 
2 1 1 4 3 0 1 4 4 5 3 3 2 3 1 4 4 4 4 4 3 1 3 2 0 3 5 0 1 4 1 5 2 2 5 5 2 3 4 5 3 1 2 2 1 2 3 2 2 4 
4 5 1 4 2 3 5 4 3 3 5 2 4 5 3 1 2 5 4 2 4 2 1 4 2 3 1 1 4 1 0 0 2 2 3 2 1 4 0 4 0 4 3 2 2 1 1 1 3 3 
2 5 4 4 3 3 3 3 1 2 2 2 4 4 3 5 3 2 5 2 3 1 4 2 1 5 3 1 2 5 2 3 4 4 1 3 0 5 3 4 2 4 1 1 5 3 5 4 0 2 
3 2 5 2 3 5 4 3 1 3 5 3 5 4 3 4 0 5 2 5 4 2 2 5 3 0 3 0 1 1 4 3 3 5 4 4 3 4 1 1 0 4 1 3 0 3 3 2 5 5 
4 3 3 3 5 2 2 3 2 4 5 2 1 4 2 2 3 4 3 2 4 1 4 3 5 5 0 1 5 3 3 1 5 5 1 5 5 2 0 1 1 1 5 3 5 3 4 5 3 4 
0 2 1 0 2 4 2 4 1 3 1 3 3 1 0 5 1 0 0 1 3 2 4 2 1 5 2 3 2 2 4 0 4 4 0 1 3 3 3 3 3 5 1 2 1 4 2 5 5 4 
4 2 1 4 2 1 1 3 3 4 1 3 1 4 4 4 5 2 1 4 2 3 0 5 5 4 2 4 3 2 3 3 4 3 4 1 2 5 3 3 5 4 5 4 1 5 1 2 3 3 
4 5 1 0 3 5 2 5 0 2 2 4 4 2 2 5 1 1 2 1 1 2 5 2 1 1 3 2 4 5 3 3 1 5 1 4 4 5 1 0 2 4 4 0 2 5 1 5 0 5 
3 4 4 3 1 2 4 2 1 5 1 3 5 3 5 3 2 4 2 3 5 4 2 0 3 3 1 5 3 1 4 1 3 1 2 4 3 1 3 0 2 3 4 4 5 4 5 5 4 4 
2 3 0 1 0 4 5 0 4 3 4 5 2 5 3 4 0 3 1 1 5 2 2 0 1 2 3 1 5 3 3 2 3 3 5 0 3 3 1 5 1 5 5 4 4 3 5 3 4 5 
3 4 4 4 3 3 2 3 3 4 5 2 1 1 3 3 2 3 4 2 2 1 5 1 2 2 3 2 5 4 5 4 5 3 3 3 2 4 3 5 2 2 2 4 3 4 1 3 5 4 
3 5 2 1 4 5 1 5 3 3 1 2 5 5 3 1 0 2 2 5 3 2 4 0 4 1 5 0 3 5 4 3 3 2 1 1 1 1 5 3 2 5 3 2 5 0 3 4 1 5 
2 2 2 3 2 4 1 2 4 0 1 1 4 1 2 4 1 1 4 5 4 1 5 2 1 3 1 2 2 3 1 2 2 3 1 4 5 3 5 1 5 2 1 4 4 3 3 1 4 3 
1 4 1 3 5 2 1 4 5 3 3 1 5 1 3 3 2 0 2 5 5 1 2 4 2 3 1 2 3 5 4 4 5 1 2 2 2 3 5 4 4 5 2 0 2 0 3 5 1 4 
5 1 5 3 0 2 3 5 1 5 3 4 5 3 5 4 4 3 1 4 1 4 2 3 4 1 4 5 2 3 4 4 5 3 2 4 1 4 2 4 0 4 1 3 2 3 2 5 2 5 
1 2 0 5 5 5 2 0 1 3 3 1 1 5 4 1 3 4 0 5 5 3 5 1 2 0 0 5 2 3 3 3 5 5 2 3 2 1 5 3 3 2 4 1 0 0 2 1 4 5 
2 5 4 5 4 3 2 1 5 4 3 3 4 4 1 2 2 5 4 3 1 5 3 4 3 5 4 3 3 1 2 0 1 2 5 1 2 1 2 1 2 5 4 3 0 3 2 2 4 3 

=============================================
2 2 5 3 3 2 5 4 1 0 4 3 3 5 3 3 2 4 4 5 4 4 3 5 3 4 5 1 1 2 3 4 3 4 3 2 3 1 3 1 3 4 5 2 3 1 2 1 4 0 
3 0 2 4 5 1 4 2 3 3 5 4 4 2 3 4 4 0 5 4 3 3 1 4 3 2 3 2 2 1 2 1 3 1 1 5 0 4 5 2 2 4 2 2 1 2 1 3 1 3 
1 5 4 2 2 3 4 3 0 4 2 3 1 3 5 3 3 2 3 3 5 1 1 2 5 1 4 1 3 4 2 4 4 1 4 2 4 1 0 2 1 1 3 3 4 1 1 1 3 4 
0 3 2 4 3 5 3 5 3 5 5 5 2 4 5 3 5 2 3 4 2 1 5 4 1 4 1 5 5 1 1 4 1 5 1 2 4 4 1 2 3 4 2 1 3 3 2 3 2 3 
4 2 5 2 5 5 2 2 3 0 5 2 5 2 1 3 2 1 5 5 3 4 5 5 4 1 3 3 4 3 2 1 4 4 2 4 5 2 0 3 5 2 5 4 1 2 3 3 2 3 
1 1 3 5 3 1 4 4 4 2 1 2 1 4 1 0 1 4 1 3 5 1 5 3 3 4 2 4 1 0 5 5 3 1 1 5 5 2 2 2 5 2 2 1 5 3 4 1 2 3 
1 5 2 2 2 1 5 2 3 2 3 5 5 4 5 1 2 4 3 5 2 1 5 3 5 2 3 1 3 1 1 1 3 0 5 1 4 3 1 3 0 5 0 3 3 5 2 1 1 1 
0 3 5 2 2 4 2 1 4 1 2 1 2 3 2 1 3 0 4 3 4 4 3 1 1 1 3 3 3 5 1 4 3 1 5 4 1 5 0 2 4 4 5 4 1 3 4 1 5 2 
4 1 4 2 2 3 2 3 0 2 2 1 3 0 4 1 5 5 2 2 5 2 1 5 3 5 5 0 3 4 1 1 5 4 4 3 3 0 5 2 1 4 5 2 5 2 2 1 2 1 
5 1 3 2 2 2 4 3 5 5 4 1 5 2 5 1 4 1 1 4 1 5 3 2 4 5 0 3 3 4 1 2 1 2 2 5 5 1 1 2 1 1 3 2 4 1 1 5 2 4 
2 5 3 2 3 3 4 2 2 4 1 4 3 4 2 5 3 0 2 1 3 4 1 4 5 2 4 5 5 2 5 4 2 1 5 4 1 3 5 1 3 5 2 0 1 2 2 5 3 0 
1 5 3 3 3 0 5 2 5 0 5 5 3 3 3 5 3 3 3 1 4 2 5 2 4 3 1 1 2 3 1 3 1 4 1 0 0 1 4 3 3 3 2 5 1 0 3 3 3 1 
3 1 2 1 3 2 5 5 2 5 2 5 2 1 1 5 5 5 0 5 4 2 1 5 0 4 3 2 5 1 2 5 2 2 0 3 2 4 2 2 2 1 2 2 1 4 1 2 0 3 
3 5 3 4 1 3 3 4 3 5 4 3 1 4 1 3 2 2 3 3 0 0 2 1 3 5 4 3 2 5 5 3 3 1 2 5 2 1 2 5 2 0 5 4 4 2 3 5 3 2 
2 3 4 3 5 2 3 1 1 2 1 1 3 2 5 2 5 5 3 5 5 4 5 1 4 4 1 5 5 1 5 4 1 1 4 4 5 2 5 5 0 5 4 1 5 1 4 3 3 4 
2 2 5 5 2 5 3 5 1 5 0 3 4 2 4 5 4 4 3 3 3 2 3 3 3 2 5 1 2 5 5 5 2 1 0 5 5 1 2 4 4 2 4 2 5 5 1 3 4 3 
5 4 2 2 0 1 1 2 0 5 5 4 3 2 1 4 3 3 3 5 3 0 0 2 4 5 2 0 5 1 1 1 4 2 3 1 1 3 1 5 1 2 5 3 2 4 5 3 0 2 
3 4 4 1 2 4 5 2 4 4 5 4 4 1 1 4 4 4 4 1 3 1 4 3 0 1 1 0 1 0 3 4 5 4 0 5 4 5 2 5 4 1 4 3 4 1 2 3 5 2 
0 1 0 0 2 3 4 2 2 3 2 4 5 2 0 5 0 2 0 2 1 0 5 5 4 1 5 2 4 4 2 4 2 5 3 5 4 5 1 2 1 3 4 1 1 2 0 2 0 4 
5 5 4 2 3 4 1 5 4 4 3 2 4 0 1 4 3 5 1 0 1 1 4 1 1 4 2 2 1 4 3 3 5 5 1 1 0 4 2 2 1 2 3 5 5 5 5 5 1 1 
1 2 1 5 3 3 5 3 5 4 2 2 1 2 4 4 1 2 4 2 2 3 4 5 1 3 3 4 1 0 1 1 4 5 2 2 4 1 3 1 3 2 3 4 5 4 4 4 0 3 
5 1 1 0 5 1 0 0 1 1 2 1 2 5 3 3 1 1 2 3 2 5 5 5 3 1 4 3 1 0 3 4 2 4 5 2 3 1 2 2 5 2 2 2 5 4 3 2 1 2 
3 4 5 4 1 2 5 4 3 4 3 3 5 2 1 3 2 2 1 2 4 4 4 1 5 5 5 0 0 5 3 3 1 2 1 4 3 2 5 4 4 0 5 4 4 5 5 3 3 5 
0 0 2 3 2 5 2 4 5 1 1 2 4 5 2 2 0 5 1 5 1 1 0 4 5 5 5 5 4 0 5 0 4 4 1 3 4 1 1 4 1 4 4 2 5 1 2 5 3 4 
3 3 2 1 4 2 5 1 4 1 5 5 1 3 4 3 1 5 2 2 2 2 2 5 2 3 2 3 2 4 5 4 5 3 0 1 2 1 3 4 1 2 4 2 3 3 5 3 2 2 
3 3 5 4 4 3 1 0 0 2 5 2 1 0 3 3 2 5 0 5 3 1 4 4 3 1 1 5 5 1 3 5 1 1 3 2 1 3 4 4 5 1 5 1 5 2 1 3 3 3 
1 4 5 2 3 2 1 3 2 2 4 2 5 1 4 5 3 3 3 3 1 3 1 2 2 2 4 2 5 1 1 1 5 4 2 1 2 5 1 5 2 4 1 0 5 1 5 2 2 5 
3 2 2 1 4 1 2 1 4 2 2 5 1 2 0 3 4 5 4 2 4 3 0 0 3 1 3 2 2 2 5 1 1 1 1 3 3 4 5 4 4 2 2 3 3 2 1 3 1 3 
1 1 1 1 3 4 1 5 5 4 5 3 1 0 1 4 0 1 5 4 3 2 1 5 3 4 5 3 2 3 4 5 4 3 4 5 5 1 2 2 5 5 2 2 2 1 4 1 3 3 
5 2 2 1 0 2 1 4 5 3 5 4 4 4 3 0 4 3 2 1 3 4 3 5 3 1 5 3 1 4 1 5 2 5 4 1 2 2 4 2 0 4 4 5 2 3 0 2 3 2 
4 2 2 2 3 5 5 4 4 1 4 5 3 4 4 4 3 2 4 1 5 3 1 1 5 4 3 5 2 2 1 3 1 3 4 3 3 0 3 3 5 2 5 5 4 3 1 4 4 0 
4 3 0 0 1 4 1 1 1 4 1 4 0 4 0 4 3 3 4 5 1 2 3 4 3 5 4 1 3 3 0 3 3 1 3 2 5 5 1 4 2 4 3 4 3 4 5 3 5 1 
2 1 3 0 5 0 4 4 2 4 4 2 5 5 4 4 5 4 2 3 2 4 3 5 3 4 3 2 2 0 2 5 3 1 3 2 4 5 1 2 4 5 1 3 0 1 4 3 0 4 
2 1 1 4 3 0 1 4 4 5 3 3 2 3 1 4 4 4 4 4 3 1 3 2 0 3 5 0 1 4 1 5 2 2 5 5 2 3 4 5 3 1 2 2 1 2 3 2 2 4 
4 5 1 4 2 3 5 4 3 3 5 2 4 5 3 1 2 5 4 2 4 2 1 4 2 3 1 1 4 1 0 0 2 2 3 2 1 4 0 4 0 4 3 2 2 1 1 1 3 3 
2 5 4 4 3 3 3 3 1 2 2 2 4 4 3 5 3 2 5 2 3 1 4 2 1 5 3 1 2 5 2 3 4 4 1 3 0 5 3 4 2 4 1 1 5 3 5 4 0 2 
3 2 5 2 3 5 4 3 1 3 5 3 5 4 3 4 0 5 2 5 4 2 2 5 3 0 3 0 1 1 4 3 3 5 4 4 3 4 1 1 0 4 1 3 0 3 3 2 5 5 
4 3 3 3 5 2 2 3 2 4 5 2 1 4 2 2 3 4 3 2 4 1 4 3 5 5 0 1 5 3 3 1 5 5 1 5 5 2 0 1 1 1 5 3 5 3 4 5 3 4 
0 2 1 0 2 4 2 4 1 3 1 3 3 1 0 5 1 0 0 1 3 2 4 2 1 5 2 3 2 2 4 0 4 4 0 1 3 3 3 3 3 5 1 2 1 4 2 5 5 4 
4 2 1 4 2 1 1 3 3 4 1 3 1 4 4 4 5 2 1 4 2 3 0 5 5 4 2 4 3 2 3 3 4 3 4 1 2 5 3 3 5 4 5 4 1 5 1 2 3 3 
4 5 1 0 3 5 2 5 0 2 2 4 4 2 2 5 1 1 2 1 1 2 5 2 1 1 3 2 4 5 3 3 1 5 1 4 4 5 1 0 2 4 4 0 2 5 1 5 0 5 
3 4 4 3 1 2 4 2 1 5 1 3 5 3 5 3 2 4 2 3 5 4 2 0 3 3 1 5 3 1 4 1 3 1 2 4 3 1 3 0 2 3 4 4 5 4 5 5 4 4 
2 3 0 1 0 4 5 0 4 3 4 5 2 5 3 4 0 3 1 1 5 2 2 0 1 2 3 1 5 3 3 2 3 3 5 0 3 3 1 5 1 5 5 4 4 3 5 3 4 5 
3 4 4 4 3 3 2 3 3 4 5 2 1 1 3 3 2 3 4 2 2 1 5 1 2 2 3 2 5 4 5 4 5 3 3 3 2 4 3 5 2 2 2 4 3 4 1 3 5 4 
3 5 2 1 4 5 1 5 3 3 1 2 5 5 3 1 0 2 2 5 3 2 4 0 4 1 5 0 3 5 4 3 3 2 1 1 1 1 5 3 2 5 3 2 5 0 3 4 1 5 
2 2 2 3 2 4 1 2 4 0 1 1 4 1 2 4 1 1 4 5 4 1 5 2 1 3 1 2 2 3 1 2 2 3 1 4 5 3 5 1 5 2 1 4 4 3 3 1 4 3 
1 4 1 3 5 2 1 4 5 3 3 1 5 1 3 3 2 0 2 5 5 1 2 4 2 3 1 2 3 5 4 4 5 1 2 2 2 3 5 4 4 5 2 0 2 0 3 5 1 4 
5 1 5 3 0 2 3 5 1 5 3 4 5 3 5 4 4 3 1 4 1 4 2 3 4 1 4 5 2 3 4 4 5 3 2 4 1 4 2 4 0 4 1 3 2 3 2 5 2 5 
1 2 0 5 5 5 2 0 1 3 3 1 1 5 4 1 3 4 0 5 5 3 5 1 2 0 0 5 2 3 3 3 5 5 2 3 2 1 5 3 3 2 4 1 0 0 2 1 4 5 
2 5 4 5 4 3 2 1 5 4 3 3 4 4 1 2 2 5 4 3 1 5 3 4 3 5 4 3 3 1 2 0 1 2 5 1 2 1 2 1 2 5 4 3 0 3 2 2 4 3 

=============================================

A:
 2 2 5 3 3 2 5 4 1 4 3 3 5 3 3 2 4 4 5 4 4 3 5 3 4 5 1 1 2 3 4 3 4 3 2 3 1 3 1 3 4 5 2 3 1 2 1 4 3 2 4 5 1 4 2 3 3 5 4 4 2 3 4 4 5 4 3 3 1 4 3 2 3 2 2 1 2 1 3 1 1 5 4 5 2 2 4 2 2 1 2 1 3 1 3 1 5 4 2 2 3 4 3 4 2 3 1 3 5 3 3 2 3 3 5 1 1 2 5 1 4 1 3 4 2 4 4 1 4 2 4 1 2 1 1 3 3 4 1 1 1 3 4 3 2 4 3 5 3 5 3 5 5 5 2 4 5 3 5 2 3 4 2 1 5 4 1 4 1 5 5 1 1 4 1 5 1 2 4 4 1 2 3 4 2 1 3 3 2 3 2 3 4 2 5 2 5 5 2 2 3 5 2 5 2 1 3 2 1 5 5 3 4 5 5 4 1 3 3 4 3 2 1 4 4 2 4 5 2 3 5 2 5 4 1 2 3 3 2 3 1 1 3 5 3 1 4 4 4 2 1 2 1 4 1 1 4 1 3 5 1 5 3 3 4 2 4 1 5 5 3 1 1 5 5 2 2 2 5 2 2 1 5 3 4 1 2 3 1 5 2 2 2 1 5 2 3 2 3 5 5 4 5 1 2 4 3 5 2 1 5 3 5 2 3 1 3 1 1 1 3 5 1 4 3 1 3 5 3 3 5 2 1 1 1 3 5 2 2 4 2 1 4 1 2 1 2 3 2 1 3 4 3 4 4 3 1 1 1 3 3 3 5 1 4 3 1 5 4 1 5 2 4 4 5 4 1 3 4 1 5 2 4 1 4 2 2 3 2 3 2 2 1 3 4 1 5 5 2 2 5 2 1 5 3 5 5 3 4 1 1 5 4 4 3 3 5 2 1 4 5 2 5 2 2 1 2 1 5 1 3 2 2 2 4 3 5 5 4 1 5 2 5 1 4 1 1 4 1 5 3 2 4 5 3 3 4 1 2 1 2 2 5 5 1 1 2 1 1 3 2 4 1 1 5 2 4 2 5 3 2 3 3 4 2 2 4 1 4 3 4 2 5 3 2 1 3 4 1 4 5 2 4 5 5 2 5 4 2 1 5 4 1 3 5 1 3 5 2 1 2 2 5 3 1 5 3 3 3 5 2 5 5 5 3 3 3 5 3 3 3 1 4 2 5 2 4 3 1 1 2 3 1 3 1 4 1 1 4 3 3 3 2 5 1 3 3 3 1 3 1 2 1 3 2 5 5 2 5 2 5 2 1 1 5 5 5 5 4 2 1 5 4 3 2 5 1 2 5 2 2 3 2 4 2 2 2 1 2 2 1 4 1 2 3 3 5 3 4 1 3 3 4 3 5 4 3 1 4 1 3 2 2 3 3 2 1 3 5 4 3 2 5 5 3 3 1 2 5 2 1 2 5 2 5 4 4 2 3 5 3 2 2 3 4 3 5 2 3 1 1 2 1 1 3 2 5 2 5 5 3 5 5 4 5 1 4 4 1 5 5 1 5 4 1 1 4 4 5 2 5 5 5 4 1 5 1 4 3 3 4 2 2 5 5 2 5 3 5 1 5 3 4 2 4 5 4 4 3 3 3 2 3 3 3 2 5 1 2 5 5 5 2 1 5 5 1 2 4 4 2 4 2 5 5 1 3 4 3 5 4 2 2 1 1 2 5 5 4 3 2 1 4 3 3 3 5 3 2 4 5 2 5 1 1 1 4 2 3 1 1 3 1 5 1 2 5 3 2 4 5 3 2 3 4 4 1 2 4 5 2 4 4 5 4 4 1 1 4 4 4 4 1 3 1 4 3 1 1 1 3 4 5 4 5 4 5 2 5 4 1 4 3 4 1 2 3 5 2 1 2 3 4 2 2 3 2 4 5 2 5 2 2 1 5 5 4 1 5 2 4 4 2 4 2 5 3 5 4 5 1 2 1 3 4 1 1 2 2 4 5 5 4 2 3 4 1 5 4 4 3 2 4 1 4 3 5 1 1 1 4 1 1 4 2 2 1 4 3 3 5 5 1 1 4 2 2 1 2 3 5 5 5 5 5 1 1 1 2 1 5 3 3 5 3 5 4 2 2 1 2 4 4 1 2 4 2 2 3 4 5 1 3 3 4 1 1 1 4 5 2 2 4 1 3 1 3 2 3 4 5 4 4 4 3 5 1 1 5 1 1 1 2 1 2 5 3 3 1 1 2 3 2 5 5 5 3 1 4 3 1 3 4 2 4 5 2 3 1 2 2 5 2 2 2 5 4 3 2 1 2 3 4 5 4 1 2 5 4 3 4 3 3 5 2 1 3 2 2 1 2 4 4 4 1 5 5 5 5 3 3 1 2 1 4 3 2 5 4 4 5 4 4 5 5 3 3 5 2 3 2 5 2 4 5 1 1 2 4 5 2 2 5 1 5 1 1 4 5 5 5 5 4 5 4 4 1 3 4 1 1 4 1 4 4 2 5 1 2 5 3 4 3 3 2 1 4 2 5 1 4 1 5 5 1 3 4 3 1 5 2 2 2 2 2 5 2 3 2 3 2 4 5 4 5 3 1 2 1 3 4 1 2 4 2 3 3 5 3 2 2 3 3 5 4 4 3 1 2 5 2 1 3 3 2 5 5 3 1 4 4 3 1 1 5 5 1 3 5 1 1 3 2 1 3 4 4 5 1 5 1 5 2 1 3 3 3 1 4 5 2 3 2 1 3 2 2 4 2 5 1 4 5 3 3 3 3 1 3 1 2 2 2 4 2 5 1 1 1 5 4 2 1 2 5 1 5 2 4 1 5 1 5 2 2 5 3 2 2 1 4 1 2 1 4 2 2 5 1 2 3 4 5 4 2 4 3 3 1 3 2 2 2 5 1 1 1 1 3 3 4 5 4 4 2 2 3 3 2 1 3 1 3 1 1 1 1 3 4 1 5 5 4 5 3 1 1 4 1 5 4 3 2 1 5 3 4 5 3 2 3 4 5 4 3 4 5 5 1 2 2 5 5 2 2 2 1 4 1 3 3 5 2 2 1 2 1 4 5 3 5 4 4 4 3 4 3 2 1 3 4 3 5 3 1 5 3 1 4 1 5 2 5 4 1 2 2 4 2 4 4 5 2 3 2 3 2 4 2 2 2 3 5 5 4 4 1 4 5 3 4 4 4 3 2 4 1 5 3 1 1 5 4 3 5 2 2 1 3 1 3 4 3 3 3 3 5 2 5 5 4 3 1 4 4 4 3 1 4 1 1 1 4 1 4 4 4 3 3 4 5 1 2 3 4 3 5 4 1 3 3 3 3 1 3 2 5 5 1 4 2 4 3 4 3 4 5 3 5 1 2 1 3 5 4 4 2 4 4 2 5 5 4 4 5 4 2 3 2 4 3 5 3 4 3 2 2 2 5 3 1 3 2 4 5 1 2 4 5 1 3 1 4 3 4 2 1 1 4 3 1 4 4 5 3 3 2 3 1 4 4 4 4 4 3 1 3 2 3 5 1 4 1 5 2 2 5 5 2 3 4 5 3 1 2 2 1 2 3 2 2 4 4 5 1 4 2 3 5 4 3 3 5 2 4 5 3 1 2 5 4 2 4 2 1 4 2 3 1 1 4 1 2 2 3 2 1 4 4 4 3 2 2 1 1 1 3 3 2 5 4 4 3 3 3 3 1 2 2 2 4 4 3 5 3 2 5 2 3 1 4 2 1 5 3 1 2 5 2 3 4 4 1 3 5 3 4 2 4 1 1 5 3 5 4 2 3 2 5 2 3 5 4 3 1 3 5 3 5 4 3 4 5 2 5 4 2 2 5 3 3 1 1 4 3 3 5 4 4 3 4 1 1 4 1 3 3 3 2 5 5 4 3 3 3 5 2 2 3 2 4 5 2 1 4 2 2 3 4 3 2 4 1 4 3 5 5 1 5 3 3 1 5 5 1 5 5 2 1 1 1 5 3 5 3 4 5 3 4 2 1 2 4 2 4 1 3 1 3 3 1 5 1 1 3 2 4 2 1 5 2 3 2 2 4 4 4 1 3 3 3 3 3 5 1 2 1 4 2 5 5 4 4 2 1 4 2 1 1 3 3 4 1 3 1 4 4 4 5 2 1 4 2 3 5 5 4 2 4 3 2 3 3 4 3 4 1 2 5 3 3 5 4 5 4 1 5 1 2 3 3 4 5 1 3 5 2 5 2 2 4 4 2 2 5 1 1 2 1 1 2 5 2 1 1 3 2 4 5 3 3 1 5 1 4 4 5 1 2 4 4 2 5 1 5 5 3 4 4 3 1 2 4 2 1 5 1 3 5 3 5 3 2 4 2 3 5 4 2 3 3 1 5 3 1 4 1 3 1 2 4 3 1 3 2 3 4 4 5 4 5 5 4 4 2 3 1 4 5 4 3 4 5 2 5 3 4 3 1 1 5 2 2 1 2 3 1 5 3 3 2 3 3 5 3 3 1 5 1 5 5 4 4 3 5 3 4 5 3 4 4 4 3 3 2 3 3 4 5 2 1 1 3 3 2 3 4 2 2 1 5 1 2 2 3 2 5 4 5 4 5 3 3 3 2 4 3 5 2 2 2 4 3 4 1 3 5 4 3 5 2 1 4 5 1 5 3 3 1 2 5 5 3 1 2 2 5 3 2 4 4 1 5 3 5 4 3 3 2 1 1 1 1 5 3 2 5 3 2 5 3 4 1 5 2 2 2 3 2 4 1 2 4 1 1 4 1 2 4 1 1 4 5 4 1 5 2 1 3 1 2 2 3 1 2 2 3 1 4 5 3 5 1 5 2 1 4 4 3 3 1 4 3 1 4 1 3 5 2 1 4 5 3 3 1 5 1 3 3 2 2 5 5 1 2 4 2 3 1 2 3 5 4 4 5 1 2 2 2 3 5 4 4 5 2 2 3 5 1 4 5 1 5 3 2 3 5 1 5 3 4 5 3 5 4 4 3 1 4 1 4 2 3 4 1 4 5 2 3 4 4 5 3 2 4 1 4 2 4 4 1 3 2 3 2 5 2 5 1 2 5 5 5 2 1 3 3 1 1 5 4 1 3 4 5 5 3 5 1 2 5 2 3 3 3 5 5 2 3 2 1 5 3 3 2 4 1 2 1 4 5 2 5 4 5 4 3 2 1 5 4 3 3 4 4 1 2 2 5 4 3 1 5 3 4 3 5 4 3 3 1 2 1 2 5 1 2 1 2 1 2 5 4 3 3 2 2 4 3 
JA:
 0 1 2 3 4 5 6 7 8 10 11 12 13 14 15 16 17 18 19 20 21 22 23 24 25 26 27 28 29 30 31 32 33 34 35 36 37 38 39 40 41 42 43 44 45 46 47 48 0 2 3 4 5 6 7 8 9 10 11 12 13 14 15 16 18 19 20 21 22 23 24 25 26 27 28 29 30 31 32 33 34 35 37 38 39 40 41 42 43 44 45 46 47 48 49 0 1 2 3 4 5 6 7 9 10 11 12 13 14 15 16 17 18 19 20 21 22 23 24 25 26 27 28 29 30 31 32 33 34 35 36 37 39 40 41 42 43 44 45 46 47 48 49 1 2 3 4 5 6 7 8 9 10 11 12 13 14 15 16 17 18 19 20 21 22 23 24 25 26 27 28 29 30 31 32 33 34 35 36 37 38 39 40 41 42 43 44 45 46 47 48 49 0 1 2 3 4 5 6 7 8 10 11 12 13 14 15 16 17 18 19 20 21 22 23 24 25 26 27 28 29 30 31 32 33 34 35 36 37 39 40 41 42 43 44 45 46 47 48 49 0 1 2 3 4 5 6 7 8 9 10 11 12 13 14 16 17 18 19 20 21 22 23 24 25 26 27 28 30 31 32 33 34 35 36 37 38 39 40 41 42 43 44 45 46 47 48 49 0 1 2 3 4 5 6 7 8 9 10 11 12 13 14 15 16 17 18 19 20 21 22 23 24 25 26 27 28 29 30 31 32 34 35 36 37 38 39 41 43 44 45 46 47 48 49 1 2 3 4 5 6 7 8 9 10 11 12 13 14 15 16 18 19 20 21 22 23 24 25 26 27 28 29 30 31 32 33 34 35 36 37 39 40 41 42 43 44 45 46 47 48 49 0 1 2 3 4 5 6 7 9 10 11 12 14 15 16 17 18 19 20 21 22 23 24 25 26 28 29 30 31 32 33 34 35 36 38 39 40 41 42 43 44 45 46 47 48 49 0 1 2 3 4 5 6 7 8 9 10 11 12 13 14 15 16 17 18 19 20 21 22 23 24 25 27 28 29 30 31 32 33 34 35 36 37 38 39 40 41 42 43 44 45 46 47 48 49 0 1 2 3 4 5 6 7 8 9 10 11 12 13 14 15 16 18 19 20 21 22 23 24 25 26 27 28 29 30 31 32 33 34 35 36 37 38 39 40 41 42 44 45 46 47 48 0 1 2 3 4 6 7 8 10 11 12 13 14 15 16 17 18 19 20 21 22 23 24 25 26 27 28 29 30 31 32 33 34 37 38 39 40 41 42 43 44 46 47 48 49 0 1 2 3 4 5 6 7 8 9 10 11 12 13 14 15 16 17 19 20 21 22 23 25 26 27 28 29 30 31 32 33 35 36 37 38 39 40 41 42 43 44 45 46 47 49 0 1 2 3 4 5 6 7 8 9 10 11 12 13 14 15 16 17 18 19 22 23 24 25 26 27 28 29 30 31 32 33 34 35 36 37 38 39 40 42 43 44 45 46 47 48 49 0 1 2 3 4 5 6 7 8 9 10 11 12 13 14 15 16 17 18 19 20 21 22 23 24 25 26 27 28 29 30 31 32 33 34 35 36 37 38 39 41 42 43 44 45 46 47 48 49 0 1 2 3 4 5 6 7 8 9 11 12 13 14 15 16 17 18 19 20 21 22 23 24 25 26 27 28 29 30 31 32 33 35 36 37 38 39 40 41 42 43 44 45 46 47 48 49 0 1 2 3 5 6 7 9 10 11 12 13 14 15 16 17 18 19 20 23 24 25 26 28 29 30 31 32 33 34 35 36 37 38 39 40 41 42 43 44 45 46 47 49 0 1 2 3 4 5 6 7 8 9 10 11 12 13 14 15 16 17 18 19 20 21 22 23 25 26 28 30 31 32 33 35 36 37 38 39 40 41 42 43 44 45 46 47 48 49 1 4 5 6 7 8 9 10 11 12 13 15 17 19 20 22 23 24 25 26 27 28 29 30 31 32 33 34 35 36 37 38 39 40 41 42 43 44 45 47 49 0 1 2 3 4 5 6 7 8 9 10 11 12 14 15 16 17 18 20 21 22 23 24 25 26 27 28 29 30 31 32 33 34 35 37 38 39 40 41 42 43 44 45 46 47 48 49 0 1 2 3 4 5 6 7 8 9 10 11 12 13 14 15 16 17 18 19 20 21 22 23 24 25 26 27 28 30 31 32 33 34 35 36 37 38 39 40 41 42 43 44 45 46 47 49 0 1 2 4 5 8 9 10 11 12 13 14 15 16 17 18 19 20 21 22 23 24 25 26 27 28 30 31 32 33 34 35 36 37 38 39 40 41 42 43 44 45 46 47 48 49 0 1 2 3 4 5 6 7 8 9 10 11 12 13 14 15 16 17 18 19 20 21 22 23 24 25 26 29 30 31 32 33 34 35 36 37 38 39 40 42 43 44 45 46 47 48 49 2 3 4 5 6 7 8 9 10 11 12 13 14 15 17 18 19 20 21 23 24 25 26 27 28 30 32 33 34 35 36 37 38 39 40 41 42 43 44 45 46 47 48 49 0 1 2 3 4 5 6 7 8 9 10 11 12 13 14 15 16 17 18 19 20 21 22 23 24 25 26 27 28 29 30 31 32 33 35 36 37 38 39 40 41 42 43 44 45 46 47 48 49 0 1 2 3 4 5 6 9 10 11 12 14 15 16 17 19 20 21 22 23 24 25 26 27 28 29 30 31 32 33 34 35 36 37 38 39 40 41 42 43 44 45 46 47 48 49 0 1 2 3 4 5 6 7 8 9 10 11 12 13 14 15 16 17 18 19 20 21 22 23 24 25 26 27 28 29 30 31 32 33 34 35 36 37 38 39 40 41 42 44 45 46 47 48 49 0 1 2 3 4 5 6 7 8 9 10 11 12 13 15 16 17 18 19 20 21 24 25 26 27 28 29 30 31 32 33 34 35 36 37 38 39 40 41 42 43 44 45 46 47 48 49 0 1 2 3 4 5 6 7 8 9 10 11 12 14 15 17 18 19 20 21 22 23 24 25 26 27 28 29 30 31 32 33 34 35 36 37 38 39 40 41 42 43 44 45 46 47 48 49 0 1 2 3 5 6 7 8 9 10 11 12 13 14 16 17 18 19 20 21 22 23 24 25 26 27 28 29 30 31 32 33 34 35 36 37 38 39 41 42 43 44 45 47 48 49 0 1 2 3 4 5 6 7 8 9 10 11 12 13 14 15 16 17 18 19 20 21 22 23 24 25 26 27 28 29 30 31 32 33 34 35 36 38 39 40 41 42 43 44 45 46 47 48 0 1 4 5 6 7 8 9 10 11 13 15 16 17 18 19 20 21 22 23 24 25 26 27 28 29 31 32 33 34 35 36 37 38 39 40 41 42 43 44 45 46 47 48 49 0 1 2 4 6 7 8 9 10 11 12 13 14 15 16 17 18 19 20 21 22 23 24 25 26 27 28 30 31 32 33 34 35 36 37 38 39 40 41 42 43 45 46 47 49 0 1 2 3 4 6 7 8 9 10 11 12 13 14 15 16 17 18 19 20 21 22 23 25 26 28 29 30 31 32 33 34 35 36 37 38 39 40 41 42 43 44 45 46 47 48 49 0 1 2 3 4 5 6 7 8 9 10 11 12 13 14 15 16 17 18 19 20 21 22 23 24 25 26 27 28 29 32 33 34 35 36 37 39 41 42 43 44 45 46 47 48 49 0 1 2 3 4 5 6 7 8 9 10 11 12 13 14 15 16 17 18 19 20 21 22 23 24 25 26 27 28 29 30 31 32 33 34 35 37 38 39 40 41 42 43 44 45 46 47 49 0 1 2 3 4 5 6 7 8 9 10 11 12 13 14 15 17 18 19 20 21 22 23 24 26 28 29 30 31 32 33 34 35 36 37 38 39 41 42 43 45 46 47 48 49 0 1 2 3 4 5 6 7 8 9 10 11 12 13 14 15 16 17 18 19 20 21 22 23 24 25 27 28 29 30 31 32 33 34 35 36 37 39 40 41 42 43 44 45 46 47 48 49 1 2 4 5 6 7 8 9 10 11 12 13 15 16 19 20 21 22 23 24 25 26 27 28 29 30 32 33 35 36 37 38 39 40 41 42 43 44 45 46 47 48 49 0 1 2 3 4 5 6 7 8 9 10 11 12 13 14 15 16 17 18 19 20 21 23 24 25 26 27 28 29 30 31 32 33 34 35 36 37 38 39 40 41 42 43 44 45 46 47 48 49 0 1 2 4 5 6 7 9 10 11 12 13 14 15 16 17 18 19 20 21 22 23 24 25 26 27 28 29 30 31 32 33 34 35 36 37 38 40 41 42 44 45 46 47 49 0 1 2 3 4 5 6 7 8 9 10 11 12 13 14 15 16 17 18 19 20 21 22 24 25 26 27 28 29 30 31 32 33 34 35 36 37 38 40 41 42 43 44 45 46 47 48 49 0 1 3 5 6 8 9 10 11 12 13 14 15 17 18 19 20 21 22 24 25 26 27 28 29 30 31 32 33 34 36 37 38 39 40 41 42 43 44 45 46 47 48 49 0 1 2 3 4 5 6 7 8 9 10 11 12 13 14 15 16 17 18 19 20 21 22 23 24 25 26 27 28 29 30 31 32 33 34 35 36 37 38 39 40 41 42 43 44 45 46 47 48 49 0 1 2 3 4 5 6 7 8 9 10 11 12 13 14 15 17 18 19 20 21 22 24 25 26 28 29 30 31 32 33 34 35 36 37 38 39 40 41 42 43 44 46 47 48 49 0 1 2 3 4 5 6 7 8 10 11 12 13 14 15 16 17 18 19 20 21 22 23 24 25 26 27 28 29 30 31 32 33 34 35 36 37 38 39 40 41 42 43 44 45 46 47 48 49 0 1 2 3 4 5 6 7 8 9 10 11 12 13 14 15 16 18 19 20 21 22 23 24 25 26 27 28 29 30 31 32 33 34 35 36 37 38 39 40 41 42 44 46 47 48 49 0 1 2 3 5 6 7 8 9 10 11 12 13 14 15 16 17 18 19 20 21 22 23 24 25 26 27 28 29 30 31 32 33 34 35 36 37 38 39 41 42 43 44 45 46 47 48 49 0 1 3 4 5 6 8 9 10 11 12 13 14 15 16 17 19 20 21 22 23 24 27 28 29 30 31 32 33 34 35 36 37 38 39 40 41 42 43 46 47 48 49 0 1 2 3 4 5 6 7 8 9 10 11 12 13 14 15 16 17 18 19 20 21 22 23 24 25 26 27 28 29 30 32 33 34 35 36 37 38 39 40 41 42 43 45 46 47 48 49 
Nk:
 0 48 95 143 192 240 288 335 382 428 477 524 569 615 662 711 759 803 849 890 937 985 1031 1078 1122 1171 1217 1266 1313 1361 1407 1455 1500 1545 1592 1638 1686 1731 1779 1822 1871 1916 1964 2008 2058 2104 2153 2200 2248 2291 
=============================================

A:
 2 2 5 3 3 2 5 4 1 4 3 3 5 3 3 2 4 4 5 4 4 3 5 3 4 5 1 1 2 3 4 3 4 3 2 3 1 3 1 3 4 5 2 3 1 2 1 4 3 2 4 5 1 4 2 3 3 5 4 4 2 3 4 4 5 4 3 3 1 4 3 2 3 2 2 1 2 1 3 1 1 5 4 5 2 2 4 2 2 1 2 1 3 1 3 1 5 4 2 2 3 4 3 4 2 3 1 3 5 3 3 2 3 3 5 1 1 2 5 1 4 1 3 4 2 4 4 1 4 2 4 1 2 1 1 3 3 4 1 1 1 3 4 3 2 4 3 5 3 5 3 5 5 5 2 4 5 3 5 2 3 4 2 1 5 4 1 4 1 5 5 1 1 4 1 5 1 2 4 4 1 2 3 4 2 1 3 3 2 3 2 3 4 2 5 2 5 5 2 2 3 5 2 5 2 1 3 2 1 5 5 3 4 5 5 4 1 3 3 4 3 2 1 4 4 2 4 5 2 3 5 2 5 4 1 2 3 3 2 3 1 1 3 5 3 1 4 4 4 2 1 2 1 4 1 1 4 1 3 5 1 5 3 3 4 2 4 1 5 5 3 1 1 5 5 2 2 2 5 2 2 1 5 3 4 1 2 3 1 5 2 2 2 1 5 2 3 2 3 5 5 4 5 1 2 4 3 5 2 1 5 3 5 2 3 1 3 1 1 1 3 5 1 4 3 1 3 5 3 3 5 2 1 1 1 3 5 2 2 4 2 1 4 1 2 1 2 3 2 1 3 4 3 4 4 3 1 1 1 3 3 3 5 1 4 3 1 5 4 1 5 2 4 4 5 4 1 3 4 1 5 2 4 1 4 2 2 3 2 3 2 2 1 3 4 1 5 5 2 2 5 2 1 5 3 5 5 3 4 1 1 5 4 4 3 3 5 2 1 4 5 2 5 2 2 1 2 1 5 1 3 2 2 2 4 3 5 5 4 1 5 2 5 1 4 1 1 4 1 5 3 2 4 5 3 3 4 1 2 1 2 2 5 5 1 1 2 1 1 3 2 4 1 1 5 2 4 2 5 3 2 3 3 4 2 2 4 1 4 3 4 2 5 3 2 1 3 4 1 4 5 2 4 5 5 2 5 4 2 1 5 4 1 3 5 1 3 5 2 1 2 2 5 3 1 5 3 3 3 5 2 5 5 5 3 3 3 5 3 3 3 1 4 2 5 2 4 3 1 1 2 3 1 3 1 4 1 1 4 3 3 3 2 5 1 3 3 3 1 3 1 2 1 3 2 5 5 2 5 2 5 2 1 1 5 5 5 5 4 2 1 5 4 3 2 5 1 2 5 2 2 3 2 4 2 2 2 1 2 2 1 4 1 2 3 3 5 3 4 1 3 3 4 3 5 4 3 1 4 1 3 2 2 3 3 2 1 3 5 4 3 2 5 5 3 3 1 2 5 2 1 2 5 2 5 4 4 2 3 5 3 2 2 3 4 3 5 2 3 1 1 2 1 1 3 2 5 2 5 5 3 5 5 4 5 1 4 4 1 5 5 1 5 4 1 1 4 4 5 2 5 5 5 4 1 5 1 4 3 3 4 2 2 5 5 2 5 3 5 1 5 3 4 2 4 5 4 4 3 3 3 2 3 3 3 2 5 1 2 5 5 5 2 1 5 5 1 2 4 4 2 4 2 5 5 1 3 4 3 5 4 2 2 1 1 2 5 5 4 3 2 1 4 3 3 3 5 3 2 4 5 2 5 1 1 1 4 2 3 1 1 3 1 5 1 2 5 3 2 4 5 3 2 3 4 4 1 2 4 5 2 4 4 5 4 4 1 1 4 4 4 4 1 3 1 4 3 1 1 1 3 4 5 4 5 4 5 2 5 4 1 4 3 4 1 2 3 5 2 1 2 3 4 2 2 3 2 4 5 2 5 2 2 1 5 5 4 1 5 2 4 4 2 4 2 5 3 5 4 5 1 2 1 3 4 1 1 2 2 4 5 5 4 2 3 4 1 5 4 4 3 2 4 1 4 3 5 1 1 1 4 1 1 4 2 2 1 4 3 3 5 5 1 1 4 2 2 1 2 3 5 5 5 5 5 1 1 1 2 1 5 3 3 5 3 5 4 2 2 1 2 4 4 1 2 4 2 2 3 4 5 1 3 3 4 1 1 1 4 5 2 2 4 1 3 1 3 2 3 4 5 4 4 4 3 5 1 1 5 1 1 1 2 1 2 5 3 3 1 1 2 3 2 5 5 5 3 1 4 3 1 3 4 2 4 5 2 3 1 2 2 5 2 2 2 5 4 3 2 1 2 3 4 5 4 1 2 5 4 3 4 3 3 5 2 1 3 2 2 1 2 4 4 4 1 5 5 5 5 3 3 1 2 1 4 3 2 5 4 4 5 4 4 5 5 3 3 5 2 3 2 5 2 4 5 1 1 2 4 5 2 2 5 1 5 1 1 4 5 5 5 5 4 5 4 4 1 3 4 1 1 4 1 4 4 2 5 1 2 5 3 4 3 3 2 1 4 2 5 1 4 1 5 5 1 3 4 3 1 5 2 2 2 2 2 5 2 3 2 3 2 4 5 4 5 3 1 2 1 3 4 1 2 4 2 3 3 5 3 2 2 3 3 5 4 4 3 1 2 5 2 1 3 3 2 5 5 3 1 4 4 3 1 1 5 5 1 3 5 1 1 3 2 1 3 4 4 5 1 5 1 5 2 1 3 3 3 1 4 5 2 3 2 1 3 2 2 4 2 5 1 4 5 3 3 3 3 1 3 1 2 2 2 4 2 5 1 1 1 5 4 2 1 2 5 1 5 2 4 1 5 1 5 2 2 5 3 2 2 1 4 1 2 1 4 2 2 5 1 2 3 4 5 4 2 4 3 3 1 3 2 2 2 5 1 1 1 1 3 3 4 5 4 4 2 2 3 3 2 1 3 1 3 1 1 1 1 3 4 1 5 5 4 5 3 1 1 4 1 5 4 3 2 1 5 3 4 5 3 2 3 4 5 4 3 4 5 5 1 2 2 5 5 2 2 2 1 4 1 3 3 5 2 2 1 2 1 4 5 3 5 4 4 4 3 4 3 2 1 3 4 3 5 3 1 5 3 1 4 1 5 2 5 4 1 2 2 4 2 4 4 5 2 3 2 3 2 4 2 2 2 3 5 5 4 4 1 4 5 3 4 4 4 3 2 4 1 5 3 1 1 5 4 3 5 2 2 1 3 1 3 4 3 3 3 3 5 2 5 5 4 3 1 4 4 4 3 1 4 1 1 1 4 1 4 4 4 3 3 4 5 1 2 3 4 3 5 4 1 3 3 3 3 1 3 2 5 5 1 4 2 4 3 4 3 4 5 3 5 1 2 1 3 5 4 4 2 4 4 2 5 5 4 4 5 4 2 3 2 4 3 5 3 4 3 2 2 2 5 3 1 3 2 4 5 1 2 4 5 1 3 1 4 3 4 2 1 1 4 3 1 4 4 5 3 3 2 3 1 4 4 4 4 4 3 1 3 2 3 5 1 4 1 5 2 2 5 5 2 3 4 5 3 1 2 2 1 2 3 2 2 4 4 5 1 4 2 3 5 4 3 3 5 2 4 5 3 1 2 5 4 2 4 2 1 4 2 3 1 1 4 1 2 2 3 2 1 4 4 4 3 2 2 1 1 1 3 3 2 5 4 4 3 3 3 3 1 2 2 2 4 4 3 5 3 2 5 2 3 1 4 2 1 5 3 1 2 5 2 3 4 4 1 3 5 3 4 2 4 1 1 5 3 5 4 2 3 2 5 2 3 5 4 3 1 3 5 3 5 4 3 4 5 2 5 4 2 2 5 3 3 1 1 4 3 3 5 4 4 3 4 1 1 4 1 3 3 3 2 5 5 4 3 3 3 5 2 2 3 2 4 5 2 1 4 2 2 3 4 3 2 4 1 4 3 5 5 1 5 3 3 1 5 5 1 5 5 2 1 1 1 5 3 5 3 4 5 3 4 2 1 2 4 2 4 1 3 1 3 3 1 5 1 1 3 2 4 2 1 5 2 3 2 2 4 4 4 1 3 3 3 3 3 5 1 2 1 4 2 5 5 4 4 2 1 4 2 1 1 3 3 4 1 3 1 4 4 4 5 2 1 4 2 3 5 5 4 2 4 3 2 3 3 4 3 4 1 2 5 3 3 5 4 5 4 1 5 1 2 3 3 4 5 1 3 5 2 5 2 2 4 4 2 2 5 1 1 2 1 1 2 5 2 1 1 3 2 4 5 3 3 1 5 1 4 4 5 1 2 4 4 2 5 1 5 5 3 4 4 3 1 2 4 2 1 5 1 3 5 3 5 3 2 4 2 3 5 4 2 3 3 1 5 3 1 4 1 3 1 2 4 3 1 3 2 3 4 4 5 4 5 5 4 4 2 3 1 4 5 4 3 4 5 2 5 3 4 3 1 1 5 2 2 1 2 3 1 5 3 3 2 3 3 5 3 3 1 5 1 5 5 4 4 3 5 3 4 5 3 4 4 4 3 3 2 3 3 4 5 2 1 1 3 3 2 3 4 2 2 1 5 1 2 2 3 2 5 4 5 4 5 3 3 3 2 4 3 5 2 2 2 4 3 4 1 3 5 4 3 5 2 1 4 5 1 5 3 3 1 2 5 5 3 1 2 2 5 3 2 4 4 1 5 3 5 4 3 3 2 1 1 1 1 5 3 2 5 3 2 5 3 4 1 5 2 2 2 3 2 4 1 2 4 1 1 4 1 2 4 1 1 4 5 4 1 5 2 1 3 1 2 2 3 1 2 2 3 1 4 5 3 5 1 5 2 1 4 4 3 3 1 4 3 1 4 1 3 5 2 1 4 5 3 3 1 5 1 3 3 2 2 5 5 1 2 4 2 3 1 2 3 5 4 4 5 1 2 2 2 3 5 4 4 5 2 2 3 5 1 4 5 1 5 3 2 3 5 1 5 3 4 5 3 5 4 4 3 1 4 1 4 2 3 4 1 4 5 2 3 4 4 5 3 2 4 1 4 2 4 4 1 3 2 3 2 5 2 5 1 2 5 5 5 2 1 3 3 1 1 5 4 1 3 4 5 5 3 5 1 2 5 2 3 3 3 5 5 2 3 2 1 5 3 3 2 4 1 2 1 4 5 2 5 4 5 4 3 2 1 5 4 3 3 4 4 1 2 2 5 4 3 1 5 3 4 3 5 4 3 3 1 2 1 2 5 1 2 1 2 1 2 5 4 3 3 2 2 4 3 
JA:
 0 1 2 3 4 5 6 7 8 10 11 12 13 14 15 16 17 18 19 20 21 22 23 24 25 26 27 28 29 30 31 32 33 34 35 36 37 38 39 40 41 42 43 44 45 46 47 48 0 2 3 4 5 6 7 8 9 10 11 12 13 14 15 16 18 19 20 21 22 23 24 25 26 27 28 29 30 31 32 33 34 35 37 38 39 40 41 42 43 44 45 46 47 48 49 0 1 2 3 4 5 6 7 9 10 11 12 13 14 15 16 17 18 19 20 21 22 23 24 25 26 27 28 29 30 31 32 33 34 35 36 37 39 40 41 42 43 44 45 46 47 48 49 1 2 3 4 5 6 7 8 9 10 11 12 13 14 15 16 17 18 19 20 21 22 23 24 25 26 27 28 29 30 31 32 33 34 35 36 37 38 39 40 41 42 43 44 45 46 47 48 49 0 1 2 3 4 5 6 7 8 10 11 12 13 14 15 16 17 18 19 20 21 22 23 24 25 26 27 28 29 30 31 32 33 34 35 36 37 39 40 41 42 43 44 45 46 47 48 49 0 1 2 3 4 5 6 7 8 9 10 11 12 13 14 16 17 18 19 20 21 22 23 24 25 26 27 28 30 31 32 33 34 35 36 37 38 39 40 41 42 43 44 45 46 47 48 49 0 1 2 3 4 5 6 7 8 9 10 11 12 13 14 15 16 17 18 19 20 21 22 23 24 25 26 27 28 29 30 31 32 34 35 36 37 38 39 41 43 44 45 46 47 48 49 1 2 3 4 5 6 7 8 9 10 11 12 13 14 15 16 18 19 20 21 22 23 24 25 26 27 28 29 30 31 32 33 34 35 36 37 39 40 41 42 43 44 45 46 47 48 49 0 1 2 3 4 5 6 7 9 10 11 12 14 15 16 17 18 19 20 21 22 23 24 25 26 28 29 30 31 32 33 34 35 36 38 39 40 41 42 43 44 45 46 47 48 49 0 1 2 3 4 5 6 7 8 9 10 11 12 13 14 15 16 17 18 19 20 21 22 23 24 25 27 28 29 30 31 32 33 34 35 36 37 38 39 40 41 42 43 44 45 46 47 48 49 0 1 2 3 4 5 6 7 8 9 10 11 12 13 14 15 16 18 19 20 21 22 23 24 25 26 27 28 29 30 31 32 33 34 35 36 37 38 39 40 41 42 44 45 46 47 48 0 1 2 3 4 6 7 8 10 11 12 13 14 15 16 17 18 19 20 21 22 23 24 25 26 27 28 29 30 31 32 33 34 37 38 39 40 41 42 43 44 46 47 48 49 0 1 2 3 4 5 6 7 8 9 10 11 12 13 14 15 16 17 19 20 21 22 23 25 26 27 28 29 30 31 32 33 35 36 37 38 39 40 41 42 43 44 45 46 47 49 0 1 2 3 4 5 6 7 8 9 10 11 12 13 14 15 16 17 18 19 22 23 24 25 26 27 28 29 30 31 32 33 34 35 36 37 38 39 40 42 43 44 45 46 47 48 49 0 1 2 3 4 5 6 7 8 9 10 11 12 13 14 15 16 17 18 19 20 21 22 23 24 25 26 27 28 29 30 31 32 33 34 35 36 37 38 39 41 42 43 44 45 46 47 48 49 0 1 2 3 4 5 6 7 8 9 11 12 13 14 15 16 17 18 19 20 21 22 23 24 25 26 27 28 29 30 31 32 33 35 36 37 38 39 40 41 42 43 44 45 46 47 48 49 0 1 2 3 5 6 7 9 10 11 12 13 14 15 16 17 18 19 20 23 24 25 26 28 29 30 31 32 33 34 35 36 37 38 39 40 41 42 43 44 45 46 47 49 0 1 2 3 4 5 6 7 8 9 10 11 12 13 14 15 16 17 18 19 20 21 22 23 25 26 28 30 31 32 33 35 36 37 38 39 40 41 42 43 44 45 46 47 48 49 1 4 5 6 7 8 9 10 11 12 13 15 17 19 20 22 23 24 25 26 27 28 29 30 31 32 33 34 35 36 37 38 39 40 41 42 43 44 45 47 49 0 1 2 3 4 5 6 7 8 9 10 11 12 14 15 16 17 18 20 21 22 23 24 25 26 27 28 29 30 31 32 33 34 35 37 38 39 40 41 42 43 44 45 46 47 48 49 0 1 2 3 4 5 6 7 8 9 10 11 12 13 14 15 16 17 18 19 20 21 22 23 24 25 26 27 28 30 31 32 33 34 35 36 37 38 39 40 41 42 43 44 45 46 47 49 0 1 2 4 5 8 9 10 11 12 13 14 15 16 17 18 19 20 21 22 23 24 25 26 27 28 30 31 32 33 34 35 36 37 38 39 40 41 42 43 44 45 46 47 48 49 0 1 2 3 4 5 6 7 8 9 10 11 12 13 14 15 16 17 18 19 20 21 22 23 24 25 26 29 30 31 32 33 34 35 36 37 38 39 40 42 43 44 45 46 47 48 49 2 3 4 5 6 7 8 9 10 11 12 13 14 15 17 18 19 20 21 23 24 25 26 27 28 30 32 33 34 35 36 37 38 39 40 41 42 43 44 45 46 47 48 49 0 1 2 3 4 5 6 7 8 9 10 11 12 13 14 15 16 17 18 19 20 21 22 23 24 25 26 27 28 29 30 31 32 33 35 36 37 38 39 40 41 42 43 44 45 46 47 48 49 0 1 2 3 4 5 6 9 10 11 12 14 15 16 17 19 20 21 22 23 24 25 26 27 28 29 30 31 32 33 34 35 36 37 38 39 40 41 42 43 44 45 46 47 48 49 0 1 2 3 4 5 6 7 8 9 10 11 12 13 14 15 16 17 18 19 20 21 22 23 24 25 26 27 28 29 30 31 32 33 34 35 36 37 38 39 40 41 42 44 45 46 47 48 49 0 1 2 3 4 5 6 7 8 9 10 11 12 13 15 16 17 18 19 20 21 24 25 26 27 28 29 30 31 32 33 34 35 36 37 38 39 40 41 42 43 44 45 46 47 48 49 0 1 2 3 4 5 6 7 8 9 10 11 12 14 15 17 18 19 20 21 22 23 24 25 26 27 28 29 30 31 32 33 34 35 36 37 38 39 40 41 42 43 44 45 46 47 48 49 0 1 2 3 5 6 7 8 9 10 11 12 13 14 16 17 18 19 20 21 22 23 24 25 26 27 28 29 30 31 32 33 34 35 36 37 38 39 41 42 43 44 45 47 48 49 0 1 2 3 4 5 6 7 8 9 10 11 12 13 14 15 16 17 18 19 20 21 22 23 24 25 26 27 28 29 30 31 32 33 34 35 36 38 39 40 41 42 43 44 45 46 47 48 0 1 4 5 6 7 8 9 10 11 13 15 16 17 18 19 20 21 22 23 24 25 26 27 28 29 31 32 33 34 35 36 37 38 39 40 41 42 43 44 45 46 47 48 49 0 1 2 4 6 7 8 9 10 11 12 13 14 15 16 17 18 19 20 21 22 23 24 25 26 27 28 30 31 32 33 34 35 36 37 38 39 40 41 42 43 45 46 47 49 0 1 2 3 4 6 7 8 9 10 11 12 13 14 15 16 17 18 19 20 21 22 23 25 26 28 29 30 31 32 33 34 35 36 37 38 39 40 41 42 43 44 45 46 47 48 49 0 1 2 3 4 5 6 7 8 9 10 11 12 13 14 15 16 17 18 19 20 21 22 23 24 25 26 27 28 29 32 33 34 35 36 37 39 41 42 43 44 45 46 47 48 49 0 1 2 3 4 5 6 7 8 9 10 11 12 13 14 15 16 17 18 19 20 21 22 23 24 25 26 27 28 29 30 31 32 33 34 35 37 38 39 40 41 42 43 44 45 46 47 49 0 1 2 3 4 5 6 7 8 9 10 11 12 13 14 15 17 18 19 20 21 22 23 24 26 28 29 30 31 32 33 34 35 36 37 38 39 41 42 43 45 46 47 48 49 0 1 2 3 4 5 6 7 8 9 10 11 12 13 14 15 16 17 18 19 20 21 22 23 24 25 27 28 29 30 31 32 33 34 35 36 37 39 40 41 42 43 44 45 46 47 48 49 1 2 4 5 6 7 8 9 10 11 12 13 15 16 19 20 21 22 23 24 25 26 27 28 29 30 32 33 35 36 37 38 39 40 41 42 43 44 45 46 47 48 49 0 1 2 3 4 5 6 7 8 9 10 11 12 13 14 15 16 17 18 19 20 21 23 24 25 26 27 28 29 30 31 32 33 34 35 36 37 38 39 40 41 42 43 44 45 46 47 48 49 0 1 2 4 5 6 7 9 10 11 12 13 14 15 16 17 18 19 20 21 22 23 24 25 26 27 28 29 30 31 32 33 34 35 36 37 38 40 41 42 44 45 46 47 49 0 1 2 3 4 5 6 7 8 9 10 11 12 13 14 15 16 17 18 19 20 21 22 24 25 26 27 28 29 30 31 32 33 34 35 36 37 38 40 41 42 43 44 45 46 47 48 49 0 1 3 5 6 8 9 10 11 12 13 14 15 17 18 19 20 21 22 24 25 26 27 28 29 30 31 32 33 34 36 37 38 39 40 41 42 43 44 45 46 47 48 49 0 1 2 3 4 5 6 7 8 9 10 11 12 13 14 15 16 17 18 19 20 21 22 23 24 25 26 27 28 29 30 31 32 33 34 35 36 37 38 39 40 41 42 43 44 45 46 47 48 49 0 1 2 3 4 5 6 7 8 9 10 11 12 13 14 15 17 18 19 20 21 22 24 25 26 28 29 30 31 32 33 34 35 36 37 38 39 40 41 42 43 44 46 47 48 49 0 1 2 3 4 5 6 7 8 10 11 12 13 14 15 16 17 18 19 20 21 22 23 24 25 26 27 28 29 30 31 32 33 34 35 36 37 38 39 40 41 42 43 44 45 46 47 48 49 0 1 2 3 4 5 6 7 8 9 10 11 12 13 14 15 16 18 19 20 21 22 23 24 25 26 27 28 29 30 31 32 33 34 35 36 37 38 39 40 41 42 44 46 47 48 49 0 1 2 3 5 6 7 8 9 10 11 12 13 14 15 16 17 18 19 20 21 22 23 24 25 26 27 28 29 30 31 32 33 34 35 36 37 38 39 41 42 43 44 45 46 47 48 49 0 1 3 4 5 6 8 9 10 11 12 13 14 15 16 17 19 20 21 22 23 24 27 28 29 30 31 32 33 34 35 36 37 38 39 40 41 42 43 46 47 48 49 0 1 2 3 4 5 6 7 8 9 10 11 12 13 14 15 16 17 18 19 20 21 22 23 24 25 26 27 28 29 30 32 33 34 35 36 37 38 39 40 41 42 43 45 46 47 48 49 
Nk:
 0 48 95 143 192 240 288 335 382 428 477 524 569 615 662 711 759 803 849 890 937 985 1031 1078 1122 1171 1217 1266 1313 1361 1407 1455 1500 1545 1592 1638 1686 1731 1779 1822 1871 1916 1964 2008 2058 2104 2153 2200 2248 2291 
=============================================
525 
391 
395 
437 
467 
408 
398 
392 
434 
380 
424 
406 
379 
410 
469 
474 
358 
426 
354 
380 
405 
381 
465 
423 
424 
397 
387 
341 
438 
429 
472 
398 
440 
391 
388 
426 
461 
440 
323 
426 
364 
425 
399 
423 
410 
370 
395 
440 
386 
438 

=============================================
=============================================
