=============================================
2 2 5 3 3 2 5 4 1 0 4 3 3 5 3 3 2 4 4 5 4 4 3 5 3 4 5 1 1 2 3 4 3 4 3 2 3 1 3 1 3 4 5 2 3 1 2 1 4 0 
3 0 2 4 5 1 4 2 3 3 5 4 4 2 3 4 4 0 5 4 3 3 0 4 0 3 2 3 2 2 1 2 1 3 1 1 5 0 4 5 2 2 4 2 2 1 2 1 3 1 
3 1 5 4 2 2 3 4 3 0 4 2 0 4 3 3 3 0 3 2 3 3 5 1 1 2 5 1 4 1 3 4 0 3 4 1 3 5 4 4 5 2 1 1 3 3 4 1 1 1 
0 3 1 0 4 2 2 1 3 4 3 0 5 5 5 2 4 5 3 5 2 3 4 2 1 5 4 1 4 0 3 0 5 0 1 3 5 5 1 0 2 4 4 1 2 3 4 2 1 3 
3 0 3 3 4 3 1 2 2 3 3 2 4 3 4 5 2 5 2 1 3 2 1 5 5 3 4 0 2 4 0 1 0 5 3 1 1 1 4 3 5 5 1 2 4 3 5 2 5 4 
1 2 3 3 2 3 1 1 3 5 3 1 4 4 4 0 4 0 0 5 4 4 1 1 4 1 3 5 1 5 3 3 4 2 4 1 0 5 5 3 1 1 5 5 2 2 2 5 2 2 
1 5 3 4 1 2 3 1 5 0 2 5 0 1 5 2 3 0 4 1 4 2 3 4 3 5 3 2 1 2 1 5 2 1 3 1 0 3 1 1 1 3 0 5 1 4 3 1 3 0 
5 0 3 0 1 5 4 2 0 1 0 3 5 2 2 0 1 2 2 3 5 1 3 1 4 2 0 3 0 4 3 0 2 1 3 1 5 2 2 5 3 3 1 1 3 3 5 5 4 1 
2 4 4 5 4 1 0 1 1 4 3 3 1 3 0 2 0 5 2 1 3 2 2 1 3 0 4 1 5 5 2 2 5 2 1 5 3 5 5 0 3 4 0 1 2 5 1 3 0 3 
0 5 2 1 4 5 2 5 0 5 2 3 2 4 1 5 0 2 2 2 4 3 0 4 2 1 2 3 3 2 4 4 1 2 4 1 5 4 4 0 5 0 3 3 4 1 0 2 5 1 
5 5 2 1 1 4 5 5 3 5 5 2 2 1 3 5 5 1 0 2 3 3 4 2 2 4 1 4 3 4 2 5 3 0 2 1 3 4 1 4 5 2 4 5 5 2 5 4 2 1 
5 4 1 3 5 1 3 5 2 0 1 2 2 0 5 4 1 5 3 3 3 0 5 2 5 0 5 5 3 3 3 0 3 2 5 2 2 3 4 5 3 1 5 4 3 3 1 2 5 2 
3 2 0 1 4 3 0 1 5 3 2 1 3 3 3 1 3 1 2 1 3 2 0 4 1 5 3 3 4 2 4 4 5 0 5 0 5 4 2 1 5 0 4 0 5 3 0 1 2 5 
2 2 0 3 2 4 2 2 2 1 2 2 1 4 1 2 0 3 3 5 3 4 0 5 3 4 4 3 3 4 1 4 5 4 5 2 4 0 3 0 0 2 1 3 5 4 3 2 0 5 
0 3 3 1 2 5 2 1 2 5 2 0 5 4 4 0 5 3 2 1 1 0 3 0 4 3 5 1 2 4 1 4 3 0 3 2 5 2 5 5 3 5 5 4 5 1 4 4 1 5 
0 0 1 5 4 1 1 4 4 5 2 5 0 1 5 4 1 5 1 4 3 3 4 2 2 5 5 2 5 3 5 1 5 0 3 4 2 4 5 4 4 3 3 3 0 1 2 2 4 2 
1 3 4 3 1 0 0 5 1 5 5 1 0 5 4 0 2 4 2 5 5 1 3 4 3 5 4 0 2 1 1 1 2 0 5 5 4 0 4 5 2 0 3 3 3 5 3 0 0 2 
4 5 2 0 5 1 0 5 5 1 3 5 5 5 4 5 3 4 5 2 4 5 2 1 5 2 3 0 4 5 2 3 4 4 4 4 4 3 3 4 5 0 4 4 4 4 1 3 1 4 
3 0 1 1 0 1 0 0 0 4 5 4 0 5 4 5 0 5 5 4 0 4 3 4 1 2 3 5 2 0 1 0 0 2 3 4 2 2 3 2 4 5 2 0 5 0 2 0 2 0 
1 5 5 4 1 0 5 2 3 3 1 5 0 5 3 5 4 5 1 2 1 3 4 1 1 2 0 2 0 4 5 5 4 2 3 4 1 5 4 4 3 2 4 0 1 4 3 5 0 5 
1 1 4 1 1 4 2 2 1 4 3 3 5 5 1 1 0 4 2 2 1 0 4 4 5 0 5 5 0 0 1 1 1 2 1 5 3 3 5 0 5 4 0 2 2 1 2 4 4 1 
2 4 2 2 3 4 5 1 3 3 4 1 0 1 1 4 5 2 0 2 2 5 1 2 0 2 3 4 5 4 4 4 0 3 5 1 1 0 5 0 0 0 0 0 3 5 5 3 2 5 
3 1 2 3 4 2 3 0 5 5 3 1 4 3 1 0 3 4 2 4 0 2 2 1 2 1 5 4 5 4 3 0 4 3 2 1 0 1 5 3 4 3 5 5 3 1 2 4 4 2 
4 3 3 5 3 3 3 3 5 4 2 0 5 5 5 0 0 5 3 3 1 2 1 4 3 2 5 4 4 0 5 4 4 5 5 3 3 5 0 0 2 3 2 5 2 4 5 1 1 2 
4 5 2 2 0 5 1 5 1 1 0 4 5 5 5 5 4 0 5 0 4 4 1 3 4 1 1 4 1 4 4 2 5 1 2 5 3 4 3 3 2 1 4 2 5 1 4 1 5 5 
1 3 4 3 1 5 2 2 2 0 1 3 1 2 1 2 5 2 0 5 4 5 3 0 1 2 1 3 4 1 2 4 2 3 3 5 0 3 3 5 3 1 5 4 4 1 1 0 2 0 
5 4 0 0 3 3 2 5 0 5 3 1 4 4 3 1 1 5 5 0 1 3 5 1 1 2 5 0 3 4 4 5 1 5 1 5 2 1 3 3 3 1 4 5 2 3 2 0 2 1 
1 2 0 2 5 1 4 5 3 3 3 3 1 3 1 2 2 2 4 2 5 1 1 0 0 5 4 2 1 2 0 4 3 3 1 5 1 5 1 5 2 2 5 3 2 2 1 4 1 2 
1 4 2 2 0 1 1 2 3 4 5 4 2 4 3 0 0 3 1 3 2 2 2 5 1 1 0 0 1 3 3 4 5 4 4 2 2 3 3 0 4 5 0 1 3 1 1 1 1 3 
4 1 5 5 4 5 3 1 0 1 4 0 1 5 4 3 2 1 5 3 4 5 0 2 3 1 0 5 4 3 4 5 5 1 2 2 5 5 2 2 2 1 4 1 3 3 0 2 5 3 
3 2 1 4 5 3 5 4 4 4 3 0 4 3 2 1 3 4 3 5 3 1 5 3 1 4 0 5 1 4 3 5 1 1 4 3 4 4 4 5 2 0 3 2 3 2 4 2 2 2 
3 5 5 4 4 1 4 5 3 4 4 4 3 2 4 1 5 3 1 1 5 4 0 0 5 2 2 1 3 1 3 4 3 3 0 3 3 5 2 5 5 4 3 1 4 4 0 0 0 3 
0 0 1 4 1 1 1 4 1 4 0 4 0 4 3 3 4 5 1 2 3 4 3 5 4 1 3 3 0 3 3 1 3 2 5 5 1 4 2 4 3 4 3 4 0 1 2 5 3 3 
1 2 5 0 4 4 2 4 4 2 5 5 4 4 5 4 2 3 2 4 3 5 3 4 3 2 2 0 2 5 3 1 3 2 4 5 1 2 4 5 1 3 0 1 4 3 0 4 2 1 
1 4 3 0 1 4 4 5 3 3 2 3 1 4 4 4 4 4 3 1 3 2 0 3 5 0 1 4 1 5 2 2 5 5 2 3 4 5 3 1 2 2 1 2 3 2 0 5 1 3 
0 1 4 2 3 5 4 3 3 5 2 4 5 3 1 2 5 4 2 4 2 1 4 2 0 3 0 1 4 1 0 0 2 0 0 3 2 1 4 0 4 0 4 3 2 2 1 1 1 3 
3 2 5 4 4 3 3 3 3 1 2 2 2 4 4 3 5 0 5 3 1 4 4 1 5 1 5 2 3 1 4 1 0 3 4 4 1 3 0 0 1 5 3 4 5 0 1 5 3 5 
4 0 2 3 2 5 2 3 0 2 5 3 1 1 4 1 2 2 2 3 5 2 5 4 2 2 0 2 5 3 0 0 1 4 4 2 5 2 3 0 3 4 1 1 0 4 1 3 0 3 
3 2 5 5 4 3 3 3 5 2 2 3 2 4 5 2 1 4 2 2 3 4 3 2 4 1 4 3 5 5 0 1 5 3 3 1 5 5 1 5 5 2 0 1 1 1 5 3 5 3 
4 5 3 4 0 0 1 0 0 2 4 2 4 0 1 4 4 5 0 1 0 5 1 0 0 1 3 2 4 2 1 5 2 3 2 2 4 0 4 4 0 1 3 3 3 3 3 5 1 2 
1 4 2 5 5 4 4 0 3 0 4 2 1 1 3 3 4 1 3 1 4 4 4 5 2 1 4 0 0 3 0 0 0 5 4 2 4 3 2 3 3 4 3 4 1 2 0 1 1 3 
3 1 2 2 2 4 0 2 3 3 4 5 1 0 3 5 2 5 0 2 2 4 4 2 2 5 0 5 1 1 1 2 2 1 4 5 2 1 4 3 2 2 3 0 5 1 4 4 5 1 
0 2 4 4 0 2 5 1 5 0 0 4 1 5 2 1 3 1 5 4 2 0 1 3 5 0 5 2 4 1 0 2 3 5 4 2 0 3 3 1 5 3 1 4 0 3 3 2 3 5 
2 2 4 2 3 4 4 5 4 5 5 4 4 2 3 0 1 0 4 5 0 4 3 4 5 0 4 1 3 2 3 1 1 0 1 5 4 1 2 3 1 5 3 3 2 3 3 5 0 3 
3 1 5 1 5 5 4 4 3 5 3 4 5 3 4 4 4 3 3 2 3 3 4 5 2 1 1 3 3 2 3 4 2 2 1 5 1 2 2 3 2 5 4 5 4 5 3 3 3 2 
4 3 5 2 2 2 4 3 4 1 3 5 4 3 5 2 1 4 5 1 5 3 3 1 2 5 5 3 1 0 2 2 5 3 2 4 0 4 1 5 0 3 5 4 3 3 2 1 1 1 
1 5 3 2 5 3 2 5 0 3 4 1 5 2 2 2 3 2 4 1 2 4 0 1 1 4 1 2 4 1 1 4 5 0 4 0 5 2 1 3 1 0 4 4 5 3 0 2 3 1 
4 5 3 5 1 5 2 1 4 4 3 3 1 4 3 1 4 1 3 0 1 4 5 3 4 1 5 5 4 3 5 0 0 1 2 5 5 1 0 1 1 4 0 1 2 3 5 4 4 5 
1 2 2 2 3 0 1 1 4 2 1 2 0 3 5 1 4 5 1 5 3 0 2 3 5 1 5 3 4 5 3 5 4 0 2 5 2 0 1 0 1 3 4 2 0 4 0 0 2 3 
4 4 5 3 2 4 1 4 2 4 0 4 1 3 2 3 2 5 2 5 0 0 2 0 5 5 5 2 0 1 3 3 1 1 5 4 1 3 4 0 5 5 3 5 1 2 0 0 5 2 

=============================================
2 2 5 3 3 2 5 4 1 0 4 3 3 5 3 3 2 4 4 5 4 4 3 5 3 4 5 1 1 2 3 4 3 4 3 2 3 1 3 1 3 4 5 2 3 1 2 1 4 0 
3 0 2 4 5 1 4 2 3 3 5 4 4 2 3 4 4 0 5 4 3 3 0 4 0 3 2 3 2 2 1 2 1 3 1 1 5 0 4 5 2 2 4 2 2 1 2 1 3 1 
3 1 5 4 2 2 3 4 3 0 4 2 0 4 3 3 3 0 3 2 3 3 5 1 1 2 5 1 4 1 3 4 0 3 4 1 3 5 4 4 5 2 1 1 3 3 4 1 1 1 
0 3 1 0 4 2 2 1 3 4 3 0 5 5 5 2 4 5 3 5 2 3 4 2 1 5 4 1 4 0 3 0 5 0 1 3 5 5 1 0 2 4 4 1 2 3 4 2 1 3 
3 0 3 3 4 3 1 2 2 3 3 2 4 3 4 5 2 5 2 1 3 2 1 5 5 3 4 0 2 4 0 1 0 5 3 1 1 1 4 3 5 5 1 2 4 3 5 2 5 4 
1 2 3 3 2 3 1 1 3 5 3 1 4 4 4 0 4 0 0 5 4 4 1 1 4 1 3 5 1 5 3 3 4 2 4 1 0 5 5 3 1 1 5 5 2 2 2 5 2 2 
1 5 3 4 1 2 3 1 5 0 2 5 0 1 5 2 3 0 4 1 4 2 3 4 3 5 3 2 1 2 1 5 2 1 3 1 0 3 1 1 1 3 0 5 1 4 3 1 3 0 
5 0 3 0 1 5 4 2 0 1 0 3 5 2 2 0 1 2 2 3 5 1 3 1 4 2 0 3 0 4 3 0 2 1 3 1 5 2 2 5 3 3 1 1 3 3 5 5 4 1 
2 4 4 5 4 1 0 1 1 4 3 3 1 3 0 2 0 5 2 1 3 2 2 1 3 0 4 1 5 5 2 2 5 2 1 5 3 5 5 0 3 4 0 1 2 5 1 3 0 3 
0 5 2 1 4 5 2 5 0 5 2 3 2 4 1 5 0 2 2 2 4 3 0 4 2 1 2 3 3 2 4 4 1 2 4 1 5 4 4 0 5 0 3 3 4 1 0 2 5 1 
5 5 2 1 1 4 5 5 3 5 5 2 2 1 3 5 5 1 0 2 3 3 4 2 2 4 1 4 3 4 2 5 3 0 2 1 3 4 1 4 5 2 4 5 5 2 5 4 2 1 
5 4 1 3 5 1 3 5 2 0 1 2 2 0 5 4 1 5 3 3 3 0 5 2 5 0 5 5 3 3 3 0 3 2 5 2 2 3 4 5 3 1 5 4 3 3 1 2 5 2 
3 2 0 1 4 3 0 1 5 3 2 1 3 3 3 1 3 1 2 1 3 2 0 4 1 5 3 3 4 2 4 4 5 0 5 0 5 4 2 1 5 0 4 0 5 3 0 1 2 5 
2 2 0 3 2 4 2 2 2 1 2 2 1 4 1 2 0 3 3 5 3 4 0 5 3 4 4 3 3 4 1 4 5 4 5 2 4 0 3 0 0 2 1 3 5 4 3 2 0 5 
0 3 3 1 2 5 2 1 2 5 2 0 5 4 4 0 5 3 2 1 1 0 3 0 4 3 5 1 2 4 1 4 3 0 3 2 5 2 5 5 3 5 5 4 5 1 4 4 1 5 
0 0 1 5 4 1 1 4 4 5 2 5 0 1 5 4 1 5 1 4 3 3 4 2 2 5 5 2 5 3 5 1 5 0 3 4 2 4 5 4 4 3 3 3 0 1 2 2 4 2 
1 3 4 3 1 0 0 5 1 5 5 1 0 5 4 0 2 4 2 5 5 1 3 4 3 5 4 0 2 1 1 1 2 0 5 5 4 0 4 5 2 0 3 3 3 5 3 0 0 2 
4 5 2 0 5 1 0 5 5 1 3 5 5 5 4 5 3 4 5 2 4 5 2 1 5 2 3 0 4 5 2 3 4 4 4 4 4 3 3 4 5 0 4 4 4 4 1 3 1 4 
3 0 1 1 0 1 0 0 0 4 5 4 0 5 4 5 0 5 5 4 0 4 3 4 1 2 3 5 2 0 1 0 0 2 3 4 2 2 3 2 4 5 2 0 5 0 2 0 2 0 
1 5 5 4 1 0 5 2 3 3 1 5 0 5 3 5 4 5 1 2 1 3 4 1 1 2 0 2 0 4 5 5 4 2 3 4 1 5 4 4 3 2 4 0 1 4 3 5 0 5 
1 1 4 1 1 4 2 2 1 4 3 3 5 5 1 1 0 4 2 2 1 0 4 4 5 0 5 5 0 0 1 1 1 2 1 5 3 3 5 0 5 4 0 2 2 1 2 4 4 1 
2 4 2 2 3 4 5 1 3 3 4 1 0 1 1 4 5 2 0 2 2 5 1 2 0 2 3 4 5 4 4 4 0 3 5 1 1 0 5 0 0 0 0 0 3 5 5 3 2 5 
3 1 2 3 4 2 3 0 5 5 3 1 4 3 1 0 3 4 2 4 0 2 2 1 2 1 5 4 5 4 3 0 4 3 2 1 0 1 5 3 4 3 5 5 3 1 2 4 4 2 
4 3 3 5 3 3 3 3 5 4 2 0 5 5 5 0 0 5 3 3 1 2 1 4 3 2 5 4 4 0 5 4 4 5 5 3 3 5 0 0 2 3 2 5 2 4 5 1 1 2 
4 5 2 2 0 5 1 5 1 1 0 4 5 5 5 5 4 0 5 0 4 4 1 3 4 1 1 4 1 4 4 2 5 1 2 5 3 4 3 3 2 1 4 2 5 1 4 1 5 5 
1 3 4 3 1 5 2 2 2 0 1 3 1 2 1 2 5 2 0 5 4 5 3 0 1 2 1 3 4 1 2 4 2 3 3 5 0 3 3 5 3 1 5 4 4 1 1 0 2 0 
5 4 0 0 3 3 2 5 0 5 3 1 4 4 3 1 1 5 5 0 1 3 5 1 1 2 5 0 3 4 4 5 1 5 1 5 2 1 3 3 3 1 4 5 2 3 2 0 2 1 
1 2 0 2 5 1 4 5 3 3 3 3 1 3 1 2 2 2 4 2 5 1 1 0 0 5 4 2 1 2 0 4 3 3 1 5 1 5 1 5 2 2 5 3 2 2 1 4 1 2 
1 4 2 2 0 1 1 2 3 4 5 4 2 4 3 0 0 3 1 3 2 2 2 5 1 1 0 0 1 3 3 4 5 4 4 2 2 3 3 0 4 5 0 1 3 1 1 1 1 3 
4 1 5 5 4 5 3 1 0 1 4 0 1 5 4 3 2 1 5 3 4 5 0 2 3 1 0 5 4 3 4 5 5 1 2 2 5 5 2 2 2 1 4 1 3 3 0 2 5 3 
3 2 1 4 5 3 5 4 4 4 3 0 4 3 2 1 3 4 3 5 3 1 5 3 1 4 0 5 1 4 3 5 1 1 4 3 4 4 4 5 2 0 3 2 3 2 4 2 2 2 
3 5 5 4 4 1 4 5 3 4 4 4 3 2 4 1 5 3 1 1 5 4 0 0 5 2 2 1 3 1 3 4 3 3 0 3 3 5 2 5 5 4 3 1 4 4 0 0 0 3 
0 0 1 4 1 1 1 4 1 4 0 4 0 4 3 3 4 5 1 2 3 4 3 5 4 1 3 3 0 3 3 1 3 2 5 5 1 4 2 4 3 4 3 4 0 1 2 5 3 3 
1 2 5 0 4 4 2 4 4 2 5 5 4 4 5 4 2 3 2 4 3 5 3 4 3 2 2 0 2 5 3 1 3 2 4 5 1 2 4 5 1 3 0 1 4 3 0 4 2 1 
1 4 3 0 1 4 4 5 3 3 2 3 1 4 4 4 4 4 3 1 3 2 0 3 5 0 1 4 1 5 2 2 5 5 2 3 4 5 3 1 2 2 1 2 3 2 0 5 1 3 
0 1 4 2 3 5 4 3 3 5 2 4 5 3 1 2 5 4 2 4 2 1 4 2 0 3 0 1 4 1 0 0 2 0 0 3 2 1 4 0 4 0 4 3 2 2 1 1 1 3 
3 2 5 4 4 3 3 3 3 1 2 2 2 4 4 3 5 0 5 3 1 4 4 1 5 1 5 2 3 1 4 1 0 3 4 4 1 3 0 0 1 5 3 4 5 0 1 5 3 5 
4 0 2 3 2 5 2 3 0 2 5 3 1 1 4 1 2 2 2 3 5 2 5 4 2 2 0 2 5 3 0 0 1 4 4 2 5 2 3 0 3 4 1 1 0 4 1 3 0 3 
3 2 5 5 4 3 3 3 5 2 2 3 2 4 5 2 1 4 2 2 3 4 3 2 4 1 4 3 5 5 0 1 5 3 3 1 5 5 1 5 5 2 0 1 1 1 5 3 5 3 
4 5 3 4 0 0 1 0 0 2 4 2 4 0 1 4 4 5 0 1 0 5 1 0 0 1 3 2 4 2 1 5 2 3 2 2 4 0 4 4 0 1 3 3 3 3 3 5 1 2 
1 4 2 5 5 4 4 0 3 0 4 2 1 1 3 3 4 1 3 1 4 4 4 5 2 1 4 0 0 3 0 0 0 5 4 2 4 3 2 3 3 4 3 4 1 2 0 1 1 3 
3 1 2 2 2 4 0 2 3 3 4 5 1 0 3 5 2 5 0 2 2 4 4 2 2 5 0 5 1 1 1 2 2 1 4 5 2 1 4 3 2 2 3 0 5 1 4 4 5 1 
0 2 4 4 0 2 5 1 5 0 0 4 1 5 2 1 3 1 5 4 2 0 1 3 5 0 5 2 4 1 0 2 3 5 4 2 0 3 3 1 5 3 1 4 0 3 3 2 3 5 
2 2 4 2 3 4 4 5 4 5 5 4 4 2 3 0 1 0 4 5 0 4 3 4 5 0 4 1 3 2 3 1 1 0 1 5 4 1 2 3 1 5 3 3 2 3 3 5 0 3 
3 1 5 1 5 5 4 4 3 5 3 4 5 3 4 4 4 3 3 2 3 3 4 5 2 1 1 3 3 2 3 4 2 2 1 5 1 2 2 3 2 5 4 5 4 5 3 3 3 2 
4 3 5 2 2 2 4 3 4 1 3 5 4 3 5 2 1 4 5 1 5 3 3 1 2 5 5 3 1 0 2 2 5 3 2 4 0 4 1 5 0 3 5 4 3 3 2 1 1 1 
1 5 3 2 5 3 2 5 0 3 4 1 5 2 2 2 3 2 4 1 2 4 0 1 1 4 1 2 4 1 1 4 5 0 4 0 5 2 1 3 1 0 4 4 5 3 0 2 3 1 
4 5 3 5 1 5 2 1 4 4 3 3 1 4 3 1 4 1 3 0 1 4 5 3 4 1 5 5 4 3 5 0 0 1 2 5 5 1 0 1 1 4 0 1 2 3 5 4 4 5 
1 2 2 2 3 0 1 1 4 2 1 2 0 3 5 1 4 5 1 5 3 0 2 3 5 1 5 3 4 5 3 5 4 0 2 5 2 0 1 0 1 3 4 2 0 4 0 0 2 3 
4 4 5 3 2 4 1 4 2 4 0 4 1 3 2 3 2 5 2 5 0 0 2 0 5 5 5 2 0 1 3 3 1 1 5 4 1 3 4 0 5 5 3 5 1 2 0 0 5 2 

=============================================

A:
 2 2 5 3 3 2 5 4 1 4 3 3 5 3 3 2 4 4 5 4 4 3 5 3 4 5 1 1 2 3 4 3 4 3 2 3 1 3 1 3 4 5 2 3 1 2 1 4 3 2 4 5 1 4 2 3 3 5 4 4 2 3 4 4 5 4 3 3 4 3 2 3 2 2 1 2 1 3 1 1 5 4 5 2 2 4 2 2 1 2 1 3 1 3 1 5 4 2 2 3 4 3 4 2 4 3 3 3 3 2 3 3 5 1 1 2 5 1 4 1 3 4 3 4 1 3 5 4 4 5 2 1 1 3 3 4 1 1 1 3 1 4 2 2 1 3 4 3 5 5 5 2 4 5 3 5 2 3 4 2 1 5 4 1 4 3 5 1 3 5 5 1 2 4 4 1 2 3 4 2 1 3 3 3 3 4 3 1 2 2 3 3 2 4 3 4 5 2 5 2 1 3 2 1 5 5 3 4 2 4 1 5 3 1 1 1 4 3 5 5 1 2 4 3 5 2 5 4 1 2 3 3 2 3 1 1 3 5 3 1 4 4 4 4 5 4 4 1 1 4 1 3 5 1 5 3 3 4 2 4 1 5 5 3 1 1 5 5 2 2 2 5 2 2 1 5 3 4 1 2 3 1 5 2 5 1 5 2 3 4 1 4 2 3 4 3 5 3 2 1 2 1 5 2 1 3 1 3 1 1 1 3 5 1 4 3 1 3 5 3 1 5 4 2 1 3 5 2 2 1 2 2 3 5 1 3 1 4 2 3 4 3 2 1 3 1 5 2 2 5 3 3 1 1 3 3 5 5 4 1 2 4 4 5 4 1 1 1 4 3 3 1 3 2 5 2 1 3 2 2 1 3 4 1 5 5 2 2 5 2 1 5 3 5 5 3 4 1 2 5 1 3 3 5 2 1 4 5 2 5 5 2 3 2 4 1 5 2 2 2 4 3 4 2 1 2 3 3 2 4 4 1 2 4 1 5 4 4 5 3 3 4 1 2 5 1 5 5 2 1 1 4 5 5 3 5 5 2 2 1 3 5 5 1 2 3 3 4 2 2 4 1 4 3 4 2 5 3 2 1 3 4 1 4 5 2 4 5 5 2 5 4 2 1 5 4 1 3 5 1 3 5 2 1 2 2 5 4 1 5 3 3 3 5 2 5 5 5 3 3 3 3 2 5 2 2 3 4 5 3 1 5 4 3 3 1 2 5 2 3 2 1 4 3 1 5 3 2 1 3 3 3 1 3 1 2 1 3 2 4 1 5 3 3 4 2 4 4 5 5 5 4 2 1 5 4 5 3 1 2 5 2 2 3 2 4 2 2 2 1 2 2 1 4 1 2 3 3 5 3 4 5 3 4 4 3 3 4 1 4 5 4 5 2 4 3 2 1 3 5 4 3 2 5 3 3 1 2 5 2 1 2 5 2 5 4 4 5 3 2 1 1 3 4 3 5 1 2 4 1 4 3 3 2 5 2 5 5 3 5 5 4 5 1 4 4 1 5 1 5 4 1 1 4 4 5 2 5 1 5 4 1 5 1 4 3 3 4 2 2 5 5 2 5 3 5 1 5 3 4 2 4 5 4 4 3 3 3 1 2 2 4 2 1 3 4 3 1 5 1 5 5 1 5 4 2 4 2 5 5 1 3 4 3 5 4 2 1 1 1 2 5 5 4 4 5 2 3 3 3 5 3 2 4 5 2 5 1 5 5 1 3 5 5 5 4 5 3 4 5 2 4 5 2 1 5 2 3 4 5 2 3 4 4 4 4 4 3 3 4 5 4 4 4 4 1 3 1 4 3 1 1 1 4 5 4 5 4 5 5 5 4 4 3 4 1 2 3 5 2 1 2 3 4 2 2 3 2 4 5 2 5 2 2 1 5 5 4 1 5 2 3 3 1 5 5 3 5 4 5 1 2 1 3 4 1 1 2 2 4 5 5 4 2 3 4 1 5 4 4 3 2 4 1 4 3 5 5 1 1 4 1 1 4 2 2 1 4 3 3 5 5 1 1 4 2 2 1 4 4 5 5 5 1 1 1 2 1 5 3 3 5 5 4 2 2 1 2 4 4 1 2 4 2 2 3 4 5 1 3 3 4 1 1 1 4 5 2 2 2 5 1 2 2 3 4 5 4 4 4 3 5 1 1 5 3 5 5 3 2 5 3 1 2 3 4 2 3 5 5 3 1 4 3 1 3 4 2 4 2 2 1 2 1 5 4 5 4 3 4 3 2 1 1 5 3 4 3 5 5 3 1 2 4 4 2 4 3 3 5 3 3 3 3 5 4 2 5 5 5 5 3 3 1 2 1 4 3 2 5 4 4 5 4 4 5 5 3 3 5 2 3 2 5 2 4 5 1 1 2 4 5 2 2 5 1 5 1 1 4 5 5 5 5 4 5 4 4 1 3 4 1 1 4 1 4 4 2 5 1 2 5 3 4 3 3 2 1 4 2 5 1 4 1 5 5 1 3 4 3 1 5 2 2 2 1 3 1 2 1 2 5 2 5 4 5 3 1 2 1 3 4 1 2 4 2 3 3 5 3 3 5 3 1 5 4 4 1 1 2 5 4 3 3 2 5 5 3 1 4 4 3 1 1 5 5 1 3 5 1 1 2 5 3 4 4 5 1 5 1 5 2 1 3 3 3 1 4 5 2 3 2 2 1 1 2 2 5 1 4 5 3 3 3 3 1 3 1 2 2 2 4 2 5 1 1 5 4 2 1 2 4 3 3 1 5 1 5 1 5 2 2 5 3 2 2 1 4 1 2 1 4 2 2 1 1 2 3 4 5 4 2 4 3 3 1 3 2 2 2 5 1 1 1 3 3 4 5 4 4 2 2 3 3 4 5 1 3 1 1 1 1 3 4 1 5 5 4 5 3 1 1 4 1 5 4 3 2 1 5 3 4 5 2 3 1 5 4 3 4 5 5 1 2 2 5 5 2 2 2 1 4 1 3 3 2 5 3 3 2 1 4 5 3 5 4 4 4 3 4 3 2 1 3 4 3 5 3 1 5 3 1 4 5 1 4 3 5 1 1 4 3 4 4 4 5 2 3 2 3 2 4 2 2 2 3 5 5 4 4 1 4 5 3 4 4 4 3 2 4 1 5 3 1 1 5 4 5 2 2 1 3 1 3 4 3 3 3 3 5 2 5 5 4 3 1 4 4 3 1 4 1 1 1 4 1 4 4 4 3 3 4 5 1 2 3 4 3 5 4 1 3 3 3 3 1 3 2 5 5 1 4 2 4 3 4 3 4 1 2 5 3 3 1 2 5 4 4 2 4 4 2 5 5 4 4 5 4 2 3 2 4 3 5 3 4 3 2 2 2 5 3 1 3 2 4 5 1 2 4 5 1 3 1 4 3 4 2 1 1 4 3 1 4 4 5 3 3 2 3 1 4 4 4 4 4 3 1 3 2 3 5 1 4 1 5 2 2 5 5 2 3 4 5 3 1 2 2 1 2 3 2 5 1 3 1 4 2 3 5 4 3 3 5 2 4 5 3 1 2 5 4 2 4 2 1 4 2 3 1 4 1 2 3 2 1 4 4 4 3 2 2 1 1 1 3 3 2 5 4 4 3 3 3 3 1 2 2 2 4 4 3 5 5 3 1 4 4 1 5 1 5 2 3 1 4 1 3 4 4 1 3 1 5 3 4 5 1 5 3 5 4 2 3 2 5 2 3 2 5 3 1 1 4 1 2 2 2 3 5 2 5 4 2 2 2 5 3 1 4 4 2 5 2 3 3 4 1 1 4 1 3 3 3 2 5 5 4 3 3 3 5 2 2 3 2 4 5 2 1 4 2 2 3 4 3 2 4 1 4 3 5 5 1 5 3 3 1 5 5 1 5 5 2 1 1 1 5 3 5 3 4 5 3 4 1 2 4 2 4 1 4 4 5 1 5 1 1 3 2 4 2 1 5 2 3 2 2 4 4 4 1 3 3 3 3 3 5 1 2 1 4 2 5 5 4 4 3 4 2 1 1 3 3 4 1 3 1 4 4 4 5 2 1 4 3 5 4 2 4 3 2 3 3 4 3 4 1 2 1 1 3 3 1 2 2 2 4 2 3 3 4 5 1 3 5 2 5 2 2 4 4 2 2 5 5 1 1 1 2 2 1 4 5 2 1 4 3 2 2 3 5 1 4 4 5 1 2 4 4 2 5 1 5 4 1 5 2 1 3 1 5 4 2 1 3 5 5 2 4 1 2 3 5 4 2 3 3 1 5 3 1 4 3 3 2 3 5 2 2 4 2 3 4 4 5 4 5 5 4 4 2 3 1 4 5 4 3 4 5 4 1 3 2 3 1 1 1 5 4 1 2 3 1 5 3 3 2 3 3 5 3 3 1 5 1 5 5 4 4 3 5 3 4 5 3 4 4 4 3 3 2 3 3 4 5 2 1 1 3 3 2 3 4 2 2 1 5 1 2 2 3 2 5 4 5 4 5 3 3 3 2 4 3 5 2 2 2 4 3 4 1 3 5 4 3 5 2 1 4 5 1 5 3 3 1 2 5 5 3 1 2 2 5 3 2 4 4 1 5 3 5 4 3 3 2 1 1 1 1 5 3 2 5 3 2 5 3 4 1 5 2 2 2 3 2 4 1 2 4 1 1 4 1 2 4 1 1 4 5 4 5 2 1 3 1 4 4 5 3 2 3 1 4 5 3 5 1 5 2 1 4 4 3 3 1 4 3 1 4 1 3 1 4 5 3 4 1 5 5 4 3 5 1 2 5 5 1 1 1 4 1 2 3 5 4 4 5 1 2 2 2 3 1 1 4 2 1 2 3 5 1 4 5 1 5 3 2 3 5 1 5 3 4 5 3 5 4 2 5 2 1 1 3 4 2 4 2 3 4 4 5 3 2 4 1 4 2 4 4 1 3 2 3 2 5 2 5 2 5 5 5 2 1 3 3 1 1 5 4 1 3 4 5 5 3 5 1 2 5 2 
JA:
 0 1 2 3 4 5 6 7 8 10 11 12 13 14 15 16 17 18 19 20 21 22 23 24 25 26 27 28 29 30 31 32 33 34 35 36 37 38 39 40 41 42 43 44 45 46 47 48 0 2 3 4 5 6 7 8 9 10 11 12 13 14 15 16 18 19 20 21 23 25 26 27 28 29 30 31 32 33 34 35 36 38 39 40 41 42 43 44 45 46 47 48 49 0 1 2 3 4 5 6 7 8 10 11 13 14 15 16 18 19 20 21 22 23 24 25 26 27 28 29 30 31 33 34 35 36 37 38 39 40 41 42 43 44 45 46 47 48 49 1 2 4 5 6 7 8 9 10 12 13 14 15 16 17 18 19 20 21 22 23 24 25 26 27 28 30 32 34 35 36 37 38 40 41 42 43 44 45 46 47 48 49 0 2 3 4 5 6 7 8 9 10 11 12 13 14 15 16 17 18 19 20 21 22 23 24 25 26 28 29 31 33 34 35 36 37 38 39 40 41 42 43 44 45 46 47 48 49 0 1 2 3 4 5 6 7 8 9 10 11 12 13 14 16 19 20 21 22 23 24 25 26 27 28 29 30 31 32 33 34 35 37 38 39 40 41 42 43 44 45 46 47 48 49 0 1 2 3 4 5 6 7 8 10 11 13 14 15 16 18 19 20 21 22 23 24 25 26 27 28 29 30 31 32 33 34 35 37 38 39 40 41 43 44 45 46 47 48 0 2 4 5 6 7 9 11 12 13 14 16 17 18 19 20 21 22 23 24 25 27 29 30 32 33 34 35 36 37 38 39 40 41 42 43 44 45 46 47 48 49 0 1 2 3 4 5 7 8 9 10 11 12 13 15 17 18 19 20 21 22 23 24 26 27 28 29 30 31 32 33 34 35 36 37 38 40 41 43 44 45 46 47 49 1 2 3 4 5 6 7 9 10 11 12 13 14 15 17 18 19 20 21 23 24 25 26 27 28 29 30 31 32 33 34 35 36 37 38 40 42 43 44 45 47 48 49 0 1 2 3 4 5 6 7 8 9 10 11 12 13 14 15 16 17 19 20 21 22 23 24 25 26 27 28 29 30 31 32 34 35 36 37 38 39 40 41 42 43 44 45 46 47 48 49 0 1 2 3 4 5 6 7 8 10 11 12 14 15 16 17 18 19 20 22 23 24 26 27 28 29 30 32 33 34 35 36 37 38 39 40 41 42 43 44 45 46 47 48 49 0 1 3 4 5 7 8 9 10 11 12 13 14 15 16 17 18 19 20 21 23 24 25 26 27 28 29 30 31 32 34 36 37 38 39 40 42 44 45 47 48 49 0 1 3 4 5 6 7 8 9 10 11 12 13 14 15 17 18 19 20 21 23 24 25 26 27 28 29 30 31 32 33 34 35 36 38 41 42 43 44 45 46 47 49 1 2 3 4 5 6 7 8 9 10 12 13 14 16 17 18 19 20 22 24 25 26 27 28 29 30 31 32 34 35 36 37 38 39 40 41 42 43 44 45 46 47 48 49 2 3 4 5 6 7 8 9 10 11 13 14 15 16 17 18 19 20 21 22 23 24 25 26 27 28 29 30 31 32 34 35 36 37 38 39 40 41 42 43 45 46 47 48 49 0 1 2 3 4 7 8 9 10 11 13 14 16 17 18 19 20 21 22 23 24 25 26 28 29 30 31 32 34 35 36 38 39 40 42 43 44 45 46 49 0 1 2 4 5 7 8 9 10 11 12 13 14 15 16 17 18 19 20 21 22 23 24 25 26 28 29 30 31 32 33 34 35 36 37 38 39 40 42 43 44 45 46 47 48 49 0 2 3 5 9 10 11 13 14 15 17 18 19 21 22 23 24 25 26 27 28 30 33 34 35 36 37 38 39 40 41 42 44 46 48 0 1 2 3 4 6 7 8 9 10 11 13 14 15 16 17 18 19 20 21 22 23 24 25 27 29 30 31 32 33 34 35 36 37 38 39 40 41 42 44 45 46 47 49 0 1 2 3 4 5 6 7 8 9 10 11 12 13 14 15 17 18 19 20 22 23 24 26 27 30 31 32 33 34 35 36 37 38 40 41 43 44 45 46 47 48 49 0 1 2 3 4 5 6 7 8 9 10 11 13 14 15 16 17 19 20 21 22 23 25 26 27 28 29 30 31 33 34 35 36 38 44 45 46 47 48 49 0 1 2 3 4 5 6 8 9 10 11 12 13 14 16 17 18 19 21 22 23 24 25 26 27 28 29 30 32 33 34 35 37 38 39 40 41 42 43 44 45 46 47 48 49 0 1 2 3 4 5 6 7 8 9 10 12 13 14 17 18 19 20 21 22 23 24 25 26 27 28 30 31 32 33 34 35 36 37 40 41 42 43 44 45 46 47 48 49 0 1 2 3 5 6 7 8 9 11 12 13 14 15 16 18 20 21 22 23 24 25 26 27 28 29 30 31 32 33 34 35 36 37 38 39 40 41 42 43 44 45 46 47 48 49 0 1 2 3 4 5 6 7 8 10 11 12 13 14 15 16 17 19 20 21 22 24 25 26 27 28 29 30 31 32 33 34 35 37 38 39 40 41 42 43 44 45 46 48 0 1 4 5 6 7 9 10 11 12 13 14 15 16 17 18 20 21 22 23 24 25 26 28 29 30 31 32 33 34 35 36 37 38 39 40 41 42 43 44 45 46 48 49 0 1 3 4 5 6 7 8 9 10 11 12 13 14 15 16 17 18 19 20 21 22 25 26 27 28 29 31 32 33 34 35 36 37 38 39 40 41 42 43 44 45 46 47 48 49 0 1 2 3 5 6 7 8 9 10 11 12 13 14 17 18 19 20 21 22 23 24 25 28 29 30 31 32 33 34 35 36 37 38 40 41 43 44 45 46 47 48 49 0 1 2 3 4 5 6 7 9 10 12 13 14 15 16 17 18 19 20 21 23 24 25 27 28 29 30 31 32 33 34 35 36 37 38 39 40 41 42 43 44 45 47 48 49 0 1 2 3 4 5 6 7 8 9 10 12 13 14 15 16 17 18 19 20 21 22 23 24 25 27 28 29 30 31 32 33 34 35 36 37 38 39 40 42 43 44 45 46 47 48 49 0 1 2 3 4 5 6 7 8 9 10 11 12 13 14 15 16 17 18 19 20 21 24 25 26 27 28 29 30 31 32 33 35 36 37 38 39 40 41 42 43 44 45 49 2 3 4 5 6 7 8 9 11 13 14 15 16 17 18 19 20 21 22 23 24 25 26 27 29 30 31 32 33 34 35 36 37 38 39 40 41 42 43 45 46 47 48 49 0 1 2 4 5 6 7 8 9 10 11 12 13 14 15 16 17 18 19 20 21 22 23 24 25 26 28 29 30 31 32 33 34 35 36 37 38 39 40 41 43 44 45 47 48 49 0 1 2 4 5 6 7 8 9 10 11 12 13 14 15 16 17 18 19 20 21 23 24 26 27 28 29 30 31 32 33 34 35 36 37 38 39 40 41 42 43 44 45 47 48 49 1 2 3 4 5 6 7 8 9 10 11 12 13 14 15 16 17 18 19 20 21 22 23 25 27 28 29 32 35 36 37 38 40 42 43 44 45 46 47 48 49 0 1 2 3 4 5 6 7 8 9 10 11 12 13 14 15 16 18 19 20 21 22 23 24 25 26 27 28 29 30 31 33 34 35 36 37 40 41 42 43 44 46 47 48 49 0 2 3 4 5 6 7 9 10 11 12 13 14 15 16 17 18 19 20 21 22 23 24 25 27 28 29 32 33 34 35 36 37 38 40 41 42 43 45 46 47 49 0 1 2 3 4 5 6 7 8 9 10 11 12 13 14 15 16 17 18 19 20 21 22 23 24 25 26 27 28 29 31 32 33 34 35 36 37 38 39 40 41 43 44 45 46 47 48 49 0 1 2 3 6 9 10 11 12 14 15 16 17 19 21 22 25 26 27 28 29 30 31 32 33 34 35 36 38 39 41 42 43 44 45 46 47 48 49 0 1 2 3 4 5 6 8 10 11 12 13 14 15 16 17 18 19 20 21 22 23 24 25 26 29 33 34 35 36 37 38 39 40 41 42 43 44 45 47 48 49 0 1 2 3 4 5 7 8 9 10 11 12 14 15 16 17 19 20 21 22 23 24 25 27 28 29 30 31 32 33 34 35 36 37 38 39 40 41 42 44 45 46 47 48 49 1 2 3 5 6 7 8 11 12 13 14 15 16 17 18 19 20 22 23 24 26 27 28 29 31 32 33 34 35 37 38 39 40 41 42 43 45 46 47 48 49 0 1 2 3 4 5 6 7 8 9 10 11 12 13 14 16 18 19 21 22 23 24 26 27 28 29 30 31 32 34 35 36 37 38 39 40 41 42 43 44 45 46 47 49 0 1 2 3 4 5 6 7 8 9 10 11 12 13 14 15 16 17 18 19 20 21 22 23 24 25 26 27 28 29 30 31 32 33 34 35 36 37 38 39 40 41 42 43 44 45 46 47 48 49 0 1 2 3 4 5 6 7 8 9 10 11 12 13 14 15 16 17 18 19 20 21 22 23 24 25 26 27 28 30 31 32 33 34 35 37 38 39 41 42 43 44 45 46 47 48 49 0 1 2 3 4 5 6 7 9 10 11 12 13 14 15 16 17 18 19 20 21 23 24 25 26 27 28 29 30 31 32 34 36 37 38 39 40 42 43 44 45 47 48 49 0 1 2 3 4 5 6 7 8 9 10 11 12 13 14 15 16 17 18 20 21 22 23 24 25 26 27 28 29 30 33 34 35 36 37 39 40 41 43 44 45 46 47 48 49 0 1 2 3 4 6 7 8 9 10 11 13 14 15 16 17 18 19 20 22 23 24 25 26 27 28 29 30 31 32 34 35 36 38 40 41 42 43 45 48 49 0 1 2 3 4 5 6 7 8 9 11 12 13 14 15 16 17 18 19 22 24 25 26 27 29 30 31 32 33 34 35 36 37 38 40 41 42 43 44 45 48 49 
Nk:
 0 48 93 139 182 228 274 318 360 403 446 494 539 581 624 668 713 753 799 834 878 921 961 1006 1050 1096 1140 1184 1230 1273 1318 1365 1409 1453 1499 1545 1586 1631 1673 1721 1760 1802 1847 1888 1932 1982 2029 2073 2118 2159 
=============================================

A:
 2 2 5 3 3 2 5 4 1 4 3 3 5 3 3 2 4 4 5 4 4 3 5 3 4 5 1 1 2 3 4 3 4 3 2 3 1 3 1 3 4 5 2 3 1 2 1 4 3 2 4 5 1 4 2 3 3 5 4 4 2 3 4 4 5 4 3 3 4 3 2 3 2 2 1 2 1 3 1 1 5 4 5 2 2 4 2 2 1 2 1 3 1 3 1 5 4 2 2 3 4 3 4 2 4 3 3 3 3 2 3 3 5 1 1 2 5 1 4 1 3 4 3 4 1 3 5 4 4 5 2 1 1 3 3 4 1 1 1 3 1 4 2 2 1 3 4 3 5 5 5 2 4 5 3 5 2 3 4 2 1 5 4 1 4 3 5 1 3 5 5 1 2 4 4 1 2 3 4 2 1 3 3 3 3 4 3 1 2 2 3 3 2 4 3 4 5 2 5 2 1 3 2 1 5 5 3 4 2 4 1 5 3 1 1 1 4 3 5 5 1 2 4 3 5 2 5 4 1 2 3 3 2 3 1 1 3 5 3 1 4 4 4 4 5 4 4 1 1 4 1 3 5 1 5 3 3 4 2 4 1 5 5 3 1 1 5 5 2 2 2 5 2 2 1 5 3 4 1 2 3 1 5 2 5 1 5 2 3 4 1 4 2 3 4 3 5 3 2 1 2 1 5 2 1 3 1 3 1 1 1 3 5 1 4 3 1 3 5 3 1 5 4 2 1 3 5 2 2 1 2 2 3 5 1 3 1 4 2 3 4 3 2 1 3 1 5 2 2 5 3 3 1 1 3 3 5 5 4 1 2 4 4 5 4 1 1 1 4 3 3 1 3 2 5 2 1 3 2 2 1 3 4 1 5 5 2 2 5 2 1 5 3 5 5 3 4 1 2 5 1 3 3 5 2 1 4 5 2 5 5 2 3 2 4 1 5 2 2 2 4 3 4 2 1 2 3 3 2 4 4 1 2 4 1 5 4 4 5 3 3 4 1 2 5 1 5 5 2 1 1 4 5 5 3 5 5 2 2 1 3 5 5 1 2 3 3 4 2 2 4 1 4 3 4 2 5 3 2 1 3 4 1 4 5 2 4 5 5 2 5 4 2 1 5 4 1 3 5 1 3 5 2 1 2 2 5 4 1 5 3 3 3 5 2 5 5 5 3 3 3 3 2 5 2 2 3 4 5 3 1 5 4 3 3 1 2 5 2 3 2 1 4 3 1 5 3 2 1 3 3 3 1 3 1 2 1 3 2 4 1 5 3 3 4 2 4 4 5 5 5 4 2 1 5 4 5 3 1 2 5 2 2 3 2 4 2 2 2 1 2 2 1 4 1 2 3 3 5 3 4 5 3 4 4 3 3 4 1 4 5 4 5 2 4 3 2 1 3 5 4 3 2 5 3 3 1 2 5 2 1 2 5 2 5 4 4 5 3 2 1 1 3 4 3 5 1 2 4 1 4 3 3 2 5 2 5 5 3 5 5 4 5 1 4 4 1 5 1 5 4 1 1 4 4 5 2 5 1 5 4 1 5 1 4 3 3 4 2 2 5 5 2 5 3 5 1 5 3 4 2 4 5 4 4 3 3 3 1 2 2 4 2 1 3 4 3 1 5 1 5 5 1 5 4 2 4 2 5 5 1 3 4 3 5 4 2 1 1 1 2 5 5 4 4 5 2 3 3 3 5 3 2 4 5 2 5 1 5 5 1 3 5 5 5 4 5 3 4 5 2 4 5 2 1 5 2 3 4 5 2 3 4 4 4 4 4 3 3 4 5 4 4 4 4 1 3 1 4 3 1 1 1 4 5 4 5 4 5 5 5 4 4 3 4 1 2 3 5 2 1 2 3 4 2 2 3 2 4 5 2 5 2 2 1 5 5 4 1 5 2 3 3 1 5 5 3 5 4 5 1 2 1 3 4 1 1 2 2 4 5 5 4 2 3 4 1 5 4 4 3 2 4 1 4 3 5 5 1 1 4 1 1 4 2 2 1 4 3 3 5 5 1 1 4 2 2 1 4 4 5 5 5 1 1 1 2 1 5 3 3 5 5 4 2 2 1 2 4 4 1 2 4 2 2 3 4 5 1 3 3 4 1 1 1 4 5 2 2 2 5 1 2 2 3 4 5 4 4 4 3 5 1 1 5 3 5 5 3 2 5 3 1 2 3 4 2 3 5 5 3 1 4 3 1 3 4 2 4 2 2 1 2 1 5 4 5 4 3 4 3 2 1 1 5 3 4 3 5 5 3 1 2 4 4 2 4 3 3 5 3 3 3 3 5 4 2 5 5 5 5 3 3 1 2 1 4 3 2 5 4 4 5 4 4 5 5 3 3 5 2 3 2 5 2 4 5 1 1 2 4 5 2 2 5 1 5 1 1 4 5 5 5 5 4 5 4 4 1 3 4 1 1 4 1 4 4 2 5 1 2 5 3 4 3 3 2 1 4 2 5 1 4 1 5 5 1 3 4 3 1 5 2 2 2 1 3 1 2 1 2 5 2 5 4 5 3 1 2 1 3 4 1 2 4 2 3 3 5 3 3 5 3 1 5 4 4 1 1 2 5 4 3 3 2 5 5 3 1 4 4 3 1 1 5 5 1 3 5 1 1 2 5 3 4 4 5 1 5 1 5 2 1 3 3 3 1 4 5 2 3 2 2 1 1 2 2 5 1 4 5 3 3 3 3 1 3 1 2 2 2 4 2 5 1 1 5 4 2 1 2 4 3 3 1 5 1 5 1 5 2 2 5 3 2 2 1 4 1 2 1 4 2 2 1 1 2 3 4 5 4 2 4 3 3 1 3 2 2 2 5 1 1 1 3 3 4 5 4 4 2 2 3 3 4 5 1 3 1 1 1 1 3 4 1 5 5 4 5 3 1 1 4 1 5 4 3 2 1 5 3 4 5 2 3 1 5 4 3 4 5 5 1 2 2 5 5 2 2 2 1 4 1 3 3 2 5 3 3 2 1 4 5 3 5 4 4 4 3 4 3 2 1 3 4 3 5 3 1 5 3 1 4 5 1 4 3 5 1 1 4 3 4 4 4 5 2 3 2 3 2 4 2 2 2 3 5 5 4 4 1 4 5 3 4 4 4 3 2 4 1 5 3 1 1 5 4 5 2 2 1 3 1 3 4 3 3 3 3 5 2 5 5 4 3 1 4 4 3 1 4 1 1 1 4 1 4 4 4 3 3 4 5 1 2 3 4 3 5 4 1 3 3 3 3 1 3 2 5 5 1 4 2 4 3 4 3 4 1 2 5 3 3 1 2 5 4 4 2 4 4 2 5 5 4 4 5 4 2 3 2 4 3 5 3 4 3 2 2 2 5 3 1 3 2 4 5 1 2 4 5 1 3 1 4 3 4 2 1 1 4 3 1 4 4 5 3 3 2 3 1 4 4 4 4 4 3 1 3 2 3 5 1 4 1 5 2 2 5 5 2 3 4 5 3 1 2 2 1 2 3 2 5 1 3 1 4 2 3 5 4 3 3 5 2 4 5 3 1 2 5 4 2 4 2 1 4 2 3 1 4 1 2 3 2 1 4 4 4 3 2 2 1 1 1 3 3 2 5 4 4 3 3 3 3 1 2 2 2 4 4 3 5 5 3 1 4 4 1 5 1 5 2 3 1 4 1 3 4 4 1 3 1 5 3 4 5 1 5 3 5 4 2 3 2 5 2 3 2 5 3 1 1 4 1 2 2 2 3 5 2 5 4 2 2 2 5 3 1 4 4 2 5 2 3 3 4 1 1 4 1 3 3 3 2 5 5 4 3 3 3 5 2 2 3 2 4 5 2 1 4 2 2 3 4 3 2 4 1 4 3 5 5 1 5 3 3 1 5 5 1 5 5 2 1 1 1 5 3 5 3 4 5 3 4 1 2 4 2 4 1 4 4 5 1 5 1 1 3 2 4 2 1 5 2 3 2 2 4 4 4 1 3 3 3 3 3 5 1 2 1 4 2 5 5 4 4 3 4 2 1 1 3 3 4 1 3 1 4 4 4 5 2 1 4 3 5 4 2 4 3 2 3 3 4 3 4 1 2 1 1 3 3 1 2 2 2 4 2 3 3 4 5 1 3 5 2 5 2 2 4 4 2 2 5 5 1 1 1 2 2 1 4 5 2 1 4 3 2 2 3 5 1 4 4 5 1 2 4 4 2 5 1 5 4 1 5 2 1 3 1 5 4 2 1 3 5 5 2 4 1 2 3 5 4 2 3 3 1 5 3 1 4 3 3 2 3 5 2 2 4 2 3 4 4 5 4 5 5 4 4 2 3 1 4 5 4 3 4 5 4 1 3 2 3 1 1 1 5 4 1 2 3 1 5 3 3 2 3 3 5 3 3 1 5 1 5 5 4 4 3 5 3 4 5 3 4 4 4 3 3 2 3 3 4 5 2 1 1 3 3 2 3 4 2 2 1 5 1 2 2 3 2 5 4 5 4 5 3 3 3 2 4 3 5 2 2 2 4 3 4 1 3 5 4 3 5 2 1 4 5 1 5 3 3 1 2 5 5 3 1 2 2 5 3 2 4 4 1 5 3 5 4 3 3 2 1 1 1 1 5 3 2 5 3 2 5 3 4 1 5 2 2 2 3 2 4 1 2 4 1 1 4 1 2 4 1 1 4 5 4 5 2 1 3 1 4 4 5 3 2 3 1 4 5 3 5 1 5 2 1 4 4 3 3 1 4 3 1 4 1 3 1 4 5 3 4 1 5 5 4 3 5 1 2 5 5 1 1 1 4 1 2 3 5 4 4 5 1 2 2 2 3 1 1 4 2 1 2 3 5 1 4 5 1 5 3 2 3 5 1 5 3 4 5 3 5 4 2 5 2 1 1 3 4 2 4 2 3 4 4 5 3 2 4 1 4 2 4 4 1 3 2 3 2 5 2 5 2 5 5 5 2 1 3 3 1 1 5 4 1 3 4 5 5 3 5 1 2 5 2 
JA:
 0 1 2 3 4 5 6 7 8 10 11 12 13 14 15 16 17 18 19 20 21 22 23 24 25 26 27 28 29 30 31 32 33 34 35 36 37 38 39 40 41 42 43 44 45 46 47 48 0 2 3 4 5 6 7 8 9 10 11 12 13 14 15 16 18 19 20 21 23 25 26 27 28 29 30 31 32 33 34 35 36 38 39 40 41 42 43 44 45 46 47 48 49 0 1 2 3 4 5 6 7 8 10 11 13 14 15 16 18 19 20 21 22 23 24 25 26 27 28 29 30 31 33 34 35 36 37 38 39 40 41 42 43 44 45 46 47 48 49 1 2 4 5 6 7 8 9 10 12 13 14 15 16 17 18 19 20 21 22 23 24 25 26 27 28 30 32 34 35 36 37 38 40 41 42 43 44 45 46 47 48 49 0 2 3 4 5 6 7 8 9 10 11 12 13 14 15 16 17 18 19 20 21 22 23 24 25 26 28 29 31 33 34 35 36 37 38 39 40 41 42 43 44 45 46 47 48 49 0 1 2 3 4 5 6 7 8 9 10 11 12 13 14 16 19 20 21 22 23 24 25 26 27 28 29 30 31 32 33 34 35 37 38 39 40 41 42 43 44 45 46 47 48 49 0 1 2 3 4 5 6 7 8 10 11 13 14 15 16 18 19 20 21 22 23 24 25 26 27 28 29 30 31 32 33 34 35 37 38 39 40 41 43 44 45 46 47 48 0 2 4 5 6 7 9 11 12 13 14 16 17 18 19 20 21 22 23 24 25 27 29 30 32 33 34 35 36 37 38 39 40 41 42 43 44 45 46 47 48 49 0 1 2 3 4 5 7 8 9 10 11 12 13 15 17 18 19 20 21 22 23 24 26 27 28 29 30 31 32 33 34 35 36 37 38 40 41 43 44 45 46 47 49 1 2 3 4 5 6 7 9 10 11 12 13 14 15 17 18 19 20 21 23 24 25 26 27 28 29 30 31 32 33 34 35 36 37 38 40 42 43 44 45 47 48 49 0 1 2 3 4 5 6 7 8 9 10 11 12 13 14 15 16 17 19 20 21 22 23 24 25 26 27 28 29 30 31 32 34 35 36 37 38 39 40 41 42 43 44 45 46 47 48 49 0 1 2 3 4 5 6 7 8 10 11 12 14 15 16 17 18 19 20 22 23 24 26 27 28 29 30 32 33 34 35 36 37 38 39 40 41 42 43 44 45 46 47 48 49 0 1 3 4 5 7 8 9 10 11 12 13 14 15 16 17 18 19 20 21 23 24 25 26 27 28 29 30 31 32 34 36 37 38 39 40 42 44 45 47 48 49 0 1 3 4 5 6 7 8 9 10 11 12 13 14 15 17 18 19 20 21 23 24 25 26 27 28 29 30 31 32 33 34 35 36 38 41 42 43 44 45 46 47 49 1 2 3 4 5 6 7 8 9 10 12 13 14 16 17 18 19 20 22 24 25 26 27 28 29 30 31 32 34 35 36 37 38 39 40 41 42 43 44 45 46 47 48 49 2 3 4 5 6 7 8 9 10 11 13 14 15 16 17 18 19 20 21 22 23 24 25 26 27 28 29 30 31 32 34 35 36 37 38 39 40 41 42 43 45 46 47 48 49 0 1 2 3 4 7 8 9 10 11 13 14 16 17 18 19 20 21 22 23 24 25 26 28 29 30 31 32 34 35 36 38 39 40 42 43 44 45 46 49 0 1 2 4 5 7 8 9 10 11 12 13 14 15 16 17 18 19 20 21 22 23 24 25 26 28 29 30 31 32 33 34 35 36 37 38 39 40 42 43 44 45 46 47 48 49 0 2 3 5 9 10 11 13 14 15 17 18 19 21 22 23 24 25 26 27 28 30 33 34 35 36 37 38 39 40 41 42 44 46 48 0 1 2 3 4 6 7 8 9 10 11 13 14 15 16 17 18 19 20 21 22 23 24 25 27 29 30 31 32 33 34 35 36 37 38 39 40 41 42 44 45 46 47 49 0 1 2 3 4 5 6 7 8 9 10 11 12 13 14 15 17 18 19 20 22 23 24 26 27 30 31 32 33 34 35 36 37 38 40 41 43 44 45 46 47 48 49 0 1 2 3 4 5 6 7 8 9 10 11 13 14 15 16 17 19 20 21 22 23 25 26 27 28 29 30 31 33 34 35 36 38 44 45 46 47 48 49 0 1 2 3 4 5 6 8 9 10 11 12 13 14 16 17 18 19 21 22 23 24 25 26 27 28 29 30 32 33 34 35 37 38 39 40 41 42 43 44 45 46 47 48 49 0 1 2 3 4 5 6 7 8 9 10 12 13 14 17 18 19 20 21 22 23 24 25 26 27 28 30 31 32 33 34 35 36 37 40 41 42 43 44 45 46 47 48 49 0 1 2 3 5 6 7 8 9 11 12 13 14 15 16 18 20 21 22 23 24 25 26 27 28 29 30 31 32 33 34 35 36 37 38 39 40 41 42 43 44 45 46 47 48 49 0 1 2 3 4 5 6 7 8 10 11 12 13 14 15 16 17 19 20 21 22 24 25 26 27 28 29 30 31 32 33 34 35 37 38 39 40 41 42 43 44 45 46 48 0 1 4 5 6 7 9 10 11 12 13 14 15 16 17 18 20 21 22 23 24 25 26 28 29 30 31 32 33 34 35 36 37 38 39 40 41 42 43 44 45 46 48 49 0 1 3 4 5 6 7 8 9 10 11 12 13 14 15 16 17 18 19 20 21 22 25 26 27 28 29 31 32 33 34 35 36 37 38 39 40 41 42 43 44 45 46 47 48 49 0 1 2 3 5 6 7 8 9 10 11 12 13 14 17 18 19 20 21 22 23 24 25 28 29 30 31 32 33 34 35 36 37 38 40 41 43 44 45 46 47 48 49 0 1 2 3 4 5 6 7 9 10 12 13 14 15 16 17 18 19 20 21 23 24 25 27 28 29 30 31 32 33 34 35 36 37 38 39 40 41 42 43 44 45 47 48 49 0 1 2 3 4 5 6 7 8 9 10 12 13 14 15 16 17 18 19 20 21 22 23 24 25 27 28 29 30 31 32 33 34 35 36 37 38 39 40 42 43 44 45 46 47 48 49 0 1 2 3 4 5 6 7 8 9 10 11 12 13 14 15 16 17 18 19 20 21 24 25 26 27 28 29 30 31 32 33 35 36 37 38 39 40 41 42 43 44 45 49 2 3 4 5 6 7 8 9 11 13 14 15 16 17 18 19 20 21 22 23 24 25 26 27 29 30 31 32 33 34 35 36 37 38 39 40 41 42 43 45 46 47 48 49 0 1 2 4 5 6 7 8 9 10 11 12 13 14 15 16 17 18 19 20 21 22 23 24 25 26 28 29 30 31 32 33 34 35 36 37 38 39 40 41 43 44 45 47 48 49 0 1 2 4 5 6 7 8 9 10 11 12 13 14 15 16 17 18 19 20 21 23 24 26 27 28 29 30 31 32 33 34 35 36 37 38 39 40 41 42 43 44 45 47 48 49 1 2 3 4 5 6 7 8 9 10 11 12 13 14 15 16 17 18 19 20 21 22 23 25 27 28 29 32 35 36 37 38 40 42 43 44 45 46 47 48 49 0 1 2 3 4 5 6 7 8 9 10 11 12 13 14 15 16 18 19 20 21 22 23 24 25 26 27 28 29 30 31 33 34 35 36 37 40 41 42 43 44 46 47 48 49 0 2 3 4 5 6 7 9 10 11 12 13 14 15 16 17 18 19 20 21 22 23 24 25 27 28 29 32 33 34 35 36 37 38 40 41 42 43 45 46 47 49 0 1 2 3 4 5 6 7 8 9 10 11 12 13 14 15 16 17 18 19 20 21 22 23 24 25 26 27 28 29 31 32 33 34 35 36 37 38 39 40 41 43 44 45 46 47 48 49 0 1 2 3 6 9 10 11 12 14 15 16 17 19 21 22 25 26 27 28 29 30 31 32 33 34 35 36 38 39 41 42 43 44 45 46 47 48 49 0 1 2 3 4 5 6 8 10 11 12 13 14 15 16 17 18 19 20 21 22 23 24 25 26 29 33 34 35 36 37 38 39 40 41 42 43 44 45 47 48 49 0 1 2 3 4 5 7 8 9 10 11 12 14 15 16 17 19 20 21 22 23 24 25 27 28 29 30 31 32 33 34 35 36 37 38 39 40 41 42 44 45 46 47 48 49 1 2 3 5 6 7 8 11 12 13 14 15 16 17 18 19 20 22 23 24 26 27 28 29 31 32 33 34 35 37 38 39 40 41 42 43 45 46 47 48 49 0 1 2 3 4 5 6 7 8 9 10 11 12 13 14 16 18 19 21 22 23 24 26 27 28 29 30 31 32 34 35 36 37 38 39 40 41 42 43 44 45 46 47 49 0 1 2 3 4 5 6 7 8 9 10 11 12 13 14 15 16 17 18 19 20 21 22 23 24 25 26 27 28 29 30 31 32 33 34 35 36 37 38 39 40 41 42 43 44 45 46 47 48 49 0 1 2 3 4 5 6 7 8 9 10 11 12 13 14 15 16 17 18 19 20 21 22 23 24 25 26 27 28 30 31 32 33 34 35 37 38 39 41 42 43 44 45 46 47 48 49 0 1 2 3 4 5 6 7 9 10 11 12 13 14 15 16 17 18 19 20 21 23 24 25 26 27 28 29 30 31 32 34 36 37 38 39 40 42 43 44 45 47 48 49 0 1 2 3 4 5 6 7 8 9 10 11 12 13 14 15 16 17 18 20 21 22 23 24 25 26 27 28 29 30 33 34 35 36 37 39 40 41 43 44 45 46 47 48 49 0 1 2 3 4 6 7 8 9 10 11 13 14 15 16 17 18 19 20 22 23 24 25 26 27 28 29 30 31 32 34 35 36 38 40 41 42 43 45 48 49 0 1 2 3 4 5 6 7 8 9 11 12 13 14 15 16 17 18 19 22 24 25 26 27 29 30 31 32 33 34 35 36 37 38 40 41 42 43 44 45 48 49 
Nk:
 0 48 93 139 182 228 274 318 360 403 446 494 539 581 624 668 713 753 799 834 878 921 961 1006 1050 1096 1140 1184 1230 1273 1318 1365 1409 1453 1499 1545 1586 1631 1673 1721 1760 1802 1847 1888 1932 1982 2029 2073 2118 2159 
=============================================
525 
399 
400 
395 
422 
378 
352 
337 
342 
395 
420 
422 
345 
394 
391 
418 
394 
477 
354 
403 
363 
335 
382 
447 
423 
363 
398 
361 
344 
428 
420 
419 
380 
437 
385 
332 
423 
344 
433 
315 
381 
363 
376 
404 
466 
443 
368 
377 
355 
413 

=============================================
=============================================
